compress95.c:1089	0	1	0	0	0	0	0	1	0.5	0.344262295082	0.25	0.	0.	1	0	0	0	0	0	0	0.142857142857	0	1
compress95.c:1112	0	1	0	0	0	0	0	0	0.5	0.0983606557377	0.	0.	0.	1	0	0	0	0	0	0	0.142857142857	0	0
compress95.c:1191	0	0	0	0	1	0	0	1	0.5	0.131147540984	0.25	0.5	1.	0	1	0	0	0	0	0	0.285714285714	0	1
compress95.c:1205	0	0	0	0	1	0	0	1	0.5	0.114754098361	0.25	0.5	1.	0	0	0	0	0	0	0	0.285714285714	0	1
compress95.c:506	0	1	0	0	0	0	0	0	0.5	0.0819672131148	0.	0.5	0.	1	0	0	0	0	0	0	0.142857142857	0	0
compress95.c:516	0	1	1	1	0	0	1	0	1.	0.147540983607	0.25	0.	0.	0	0	1	0	1	0	0	0.571428571429	0	0
compress95.c:659	1	0	0	0	0	0	0	0	0.5	0.131147540984	0.	0.	1.	0	0	0	0	0	0	0	0.142857142857	0	1
compress95.c:730	0	1	0	0	1	0	0	1	0.5	0.0983606557377	0.25	0.	0.	1	0	0	0	0	0	0	0.142857142857	0	0
compress95.c:742	0	1	0	0	1	0	0	1	1.	1.	0.25	0.	1.	1	0	0	0	0	0	0	0.142857142857	0	1
compress95.c:745	0	1	0	0	1	0	0	1	0.5	0.0819672131148	0.25	0.	0.	1	0	0	0	0	0	0	0.142857142857	0	0
compress95.c:767	0	1	0	0	1	0	0	1	0.5	0.114754098361	0.25	0.	1.	1	0	0	0	0	0	0	0.142857142857	0	0
compress95.c:777	0	0	0	0	0	0	0	1	0.5	0.0983606557377	0.	0.	0.	0	0	1	0	0	0	0	0.285714285714	0	0
harness.c:144	0	1	1	1	0	0	0	0	1.	0.196721311475	0.5	0.5	0.	1	1	1	0	1	0	0	1.	0	0
harness.c:238	0	1	0	0	0	0	0	0	0.5	0.393442622951	0.	0.5	0.	1	0	0	0	0	0	0	0.142857142857	0	0
harness.c:24	0	0	0	0	1	0	0	1	0.5	0.0819672131148	0.25	0.5	0.	0	1	0	0	0	0	0	0.428571428571	0	0
harness.c:48	0	1	0	0	0	0	0	1	0.5	0.393442622951	1.	1.	0.	1	0	0	0	0	0	0	0.142857142857	0	0
harness.c:51	0	1	0	0	0	0	0	1	0.5	0.0819672131148	0.5	0.5	0.	1	0	0	0	0	0	0	0.142857142857	0	0
harness.c:57	0	1	0	0	0	0	0	1	0.5	0.0819672131148	1.	0.5	0.	1	0	0	0	0	0	0	0.142857142857	0	0
harness.c:67	0	1	0	0	0	0	0	1	0.5	0.180327868852	0.5	1.	0.	1	0	0	0	0	0	0	0.142857142857	0	0
harness.c:69	0	1	0	0	0	0	0	1	0.5	0.0819672131148	0.5	0.5	0.	1	0	0	0	0	0	0	0.142857142857	0	0
harness.c:94	0	0	0	0	0	0	0	0	0.5	0.196721311475	0.25	0.5	0.	1	1	0	0	0	0	0	0.142857142857	0	1
:-1	1	1	0	1	0	0	0	0	0.0588235294118	0.0354330708661	0.428571428571	0.5	0.	0	0	0	0	0	0	0	0.0375	0	0
execute.c:138	0	0	0	0	0	0	0	1	0.0196078431373	0.00787401574803	0.	0.	0.	1	0	0	0	0	0	0	0.0125	0	0
execute.c:160	1	0	0	0	0	0	0	1	0.0196078431373	0.00787401574803	0.	0.	0.	1	0	0	0	0	0	0	0.0125	0	0
execute.c:206	0	1	0	0	0	0	0	0	0.0392156862745	0.0748031496063	0.	0.	0.	0	0	0	0	0	0	0	0.0125	1	0
execute.c:336	0	1	0	0	0	0	0	0	0.0196078431373	0.010498687664	0.	0.	0.	0	0	0	0	0	0	0	0.0125	1	0
execute.c:528	1	0	0	0	0	0	0	0	0.0196078431373	0.0170603674541	0.142857142857	0.	0.	0	0	1	0	0	0	0	0.0125	1	0
execute.c:538	1	0	0	0	0	0	0	0	0.0196078431373	0.00656167979003	0.	0.	0.	1	0	1	0	0	0	0	0.0125	0	0
execute.c:621	0	1	0	0	0	0	0	0	0.0196078431373	0.00656167979003	0.	0.	0.	1	0	0	0	0	0	0	0.0125	0	0
execute.c:644	0	1	0	0	0	0	0	0	0.0196078431373	0.0249343832021	0.	0.	0.	1	0	0	0	0	0	0	0.0125	0	0
execute.c:661	0	1	0	0	0	0	0	0	0.0196078431373	0.0275590551181	0.	0.5	0.	1	0	0	0	0	0	0	0.0125	0	0
execute.c:706	0	1	0	1	0	0	0	0	0.0392156862745	0.011811023622	0.	0.5	0.	1	0	0	0	0	0	0	0.0125	1	0
execute.c:714	0	1	0	0	0	0	0	0	0.0196078431373	0.00918635170604	0.	0.5	0.	0	0	0	0	0	0	0	0.0125	1	0
execute.c:761	0	1	0	0	0	0	0	0	0.0196078431373	0.0249343832021	0.	0.	1.	0	0	0	0	0	0	0	0.0125	1	0
execute.c:91	1	0	0	1	0	0	0	0	0.0392156862745	1.	0.428571428571	0.	0.	1	0	1	1	0	1	0	0.0625	1	1
lex.yy.c:1001	0	1	1	0	0	0	0	1	0.0196078431373	0.0275590551181	1.	0.	1.	0	0	1	1	1	0	0	0.0375	0	0
lex.yy.c:1009	0	0	1	0	0	0	1	0	0.0196078431373	0.010498687664	0.571428571429	0.	0.	0	0	1	1	1	0	0	0.075	0	0
lex.yy.c:1538	0	0	0	0	0	0	0	0	0.0196078431373	0.011811023622	0.	0.5	2.	0	0	0	0	0	0	0	0.025	0	1
lex.yy.c:1552	0	0	0	0	0	0	0	0	0.0196078431373	0.0354330708661	0.	0.	0.	1	0	0	0	0	0	0	0.0125	0	0
lex.yy.c:1598	0	0	0	0	0	0	0	0	0.0196078431373	0.0196850393701	0.	0.	0.	1	0	1	0	0	0	0	0.0125	0	0
lex.yy.c:1642	0	0	0	0	0	0	0	1	0.0196078431373	0.0341207349081	1.	0.	1.	0	0	1	0	0	0	0	0.025	0	1
lex.yy.c:1650	0	0	1	0	0	0	1	0	0.0196078431373	0.010498687664	0.571428571429	0.	0.	0	0	1	1	1	0	0	0.075	0	0
lex.yy.c:1685	0	0	1	0	0	0	1	0	0.0196078431373	0.010498687664	0.571428571429	0.	0.	0	0	1	1	1	0	0	0.075	0	1
lex.yy.c:987	1	1	0	1	0	0	0	0	1.	0.153543307087	0.	0.	0.	1	0	1	1	0	0	0	0.0875	0	0
load.c:107	0	0	0	0	0	0	0	1	0.0196078431373	0.0157480314961	0.	0.	0.	1	0	0	0	0	0	0	0.0125	0	0
load.c:138	0	0	1	0	0	0	0	1	0.0196078431373	0.010498687664	0.142857142857	0.	0.	0	0	1	0	0	0	0	1.	1	0
load.c:165	1	0	1	1	0	0	0	1	0.0392156862745	0.333333333333	0.142857142857	0.	1.	1	0	1	1	0	0	0	0.975	1	1
load.c:234	0	1	1	1	0	0	0	0	0.0392156862745	0.0249343832021	0.142857142857	0.	1.	0	0	1	0	0	0	0	0.975	1	0
load.c:265	0	1	1	0	0	0	0	1	0.0196078431373	0.0157480314961	0.142857142857	0.	1.	0	0	1	0	0	0	0	0.9625	1	0
load.c:296	0	1	1	0	0	0	0	1	0.0196078431373	0.00918635170604	0.	0.	1.	0	0	1	0	0	0	0	0.9625	1	0
main.c:137	0	0	0	0	1	0	0	0	0.0196078431373	0.0196850393701	0.142857142857	0.5	0.	0	1	1	0	0	0	0	0.025	0	1
main.c:184	1	0	1	0	0	0	0	0	0.0196078431373	0.0314960629921	0.142857142857	0.5	1.	0	1	0	0	0	0	0	0.025	0	1
main.c:189	1	1	1	1	0	0	0	0	0.0392156862745	0.00787401574803	0.	0.	1.	0	1	0	0	0	0	0	0.025	0	0
main.c:302	1	0	1	0	0	0	0	1	0.0196078431373	0.00787401574803	0.	0.	1.	0	0	1	0	0	0	0	0.025	1	1
main.c:87	0	1	0	0	0	0	0	0	0.0196078431373	0.0643044619423	0.142857142857	0.	0.	0	0	0	0	0	0	0	0.0125	0	0
number.c:1035	0	0	0	0	0	0	0	0	0.0196078431373	0.102362204724	0.285714285714	1.	1.	0	0	0	0	0	0	0	0.05	0	0
number.c:1064	0	0	0	0	0	0	0	1	0.0196078431373	0.0209973753281	0.	0.5	0.	0	0	0	0	0	0	0	0.025	0	0
number.c:1085	0	0	0	0	0	0	0	0	0.0196078431373	0.0209973753281	0.	0.5	0.	0	0	0	0	0	0	0	0.025	0	0
number.c:1279	1	0	0	0	0	0	0	0	0.0196078431373	0.00918635170604	0.	0.	0.	0	0	0	0	0	0	0	0.0125	0	0
number.c:1290	0	1	0	0	0	0	0	0	0.0196078431373	0.0170603674541	0.	0.	0.	1	0	0	0	0	0	0	0.0125	0	0
number.c:1381	1	0	0	0	0	0	0	0	0.0196078431373	0.0380577427822	0.	0.	0.	1	0	0	1	0	0	0	0.0125	0	0
number.c:141	1	1	1	1	0	0	0	1	0.0392156862745	0.00918635170604	0.	0.	0.	0	0	0	0	0	0	0	0.075	1	0
number.c:1443	0	0	0	0	0	0	0	0	0.0196078431373	0.00787401574803	0.	0.	0.	1	0	0	0	0	0	0	0.025	0	0
number.c:1448	0	0	0	0	1	0	0	1	0.0196078431373	0.00787401574803	0.142857142857	0.5	0.	1	0	0	0	0	0	0	0.025	0	0
number.c:1483	0	0	0	0	0	0	0	0	0.0196078431373	0.010498687664	0.	0.	1.	1	0	0	0	0	0	0	0.0125	0	0
number.c:1495	0	0	0	0	0	0	0	0	0.0196078431373	0.010498687664	0.	0.5	1.	0	0	0	0	0	0	0	0.05	0	0
number.c:1522	1	0	0	0	0	0	0	0	0.0196078431373	0.0275590551181	0.	0.	0.	1	0	0	1	0	0	0	0.0125	0	0
number.c:1537	1	0	0	0	0	0	0	0	0.0196078431373	0.0196850393701	0.142857142857	0.	0.	1	0	0	0	0	0	0	0.0125	0	0
number.c:1555	0	0	0	0	0	0	0	0	0.0196078431373	0.0301837270341	0.142857142857	0.	0.	0	0	0	0	0	0	0	0.075	0	0
number.c:1595	0	1	0	1	0	0	0	0	0.0392156862745	0.011811023622	0.	0.	1.	1	0	0	0	0	0	0	0.025	0	0
number.c:1635	1	0	0	0	0	0	0	0	0.0196078431373	0.010498687664	0.	0.5	1.	0	0	0	0	0	0	0	0.0125	0	1
number.c:1649	0	0	0	0	0	0	0	0	0.0196078431373	0.011811023622	0.	0.	1.	1	0	0	0	0	0	0	0.0125	0	0
number.c:197	0	0	1	1	0	0	0	1	0.0392156862745	0.010498687664	0.	0.	2.	1	0	0	0	0	0	0	0.05	1	0
number.c:230	1	0	1	0	0	0	0	0	0.0392156862745	0.010498687664	0.	0.	1.	1	0	0	0	0	0	0	0.0375	1	0
number.c:242	1	0	1	0	0	0	0	0	0.0392156862745	0.010498687664	0.	0.	1.	1	0	0	0	0	0	0	0.0375	1	0
number.c:294	1	0	1	0	0	0	0	0	0.0392156862745	0.010498687664	0.	0.	1.	1	0	0	0	0	0	0	0.0375	1	0
number.c:323	1	0	1	0	0	0	0	0	0.0392156862745	0.010498687664	0.	0.	1.	1	0	0	0	0	0	0	0.0375	1	0
number.c:356	0	0	0	0	0	0	0	0	0.0196078431373	0.00918635170604	0.	0.	1.	1	0	0	0	0	0	0	0.0125	0	0
number.c:371	0	0	0	0	0	0	0	0	0.0196078431373	0.011811023622	0.	0.	0.	0	0	0	0	0	0	0	0.025	0	0
number.c:374	0	0	0	0	0	0	0	0	0.0196078431373	0.011811023622	0.	0.	0.	0	0	0	0	0	0	0	0.025	0	0
number.c:382	0	0	0	1	0	0	0	0	0.0392156862745	0.0249343832021	0.	0.	0.	1	0	0	0	0	0	0	0.025	0	0
number.c:400	0	0	0	0	0	0	0	0	0.0196078431373	0.0196850393701	0.	0.	0.	1	0	0	0	0	0	0	0.0125	0	0
number.c:450	0	0	0	0	0	0	0	0	0.0196078431373	0.00918635170604	0.	0.	1.	1	0	0	0	0	0	0	0.0125	0	0
number.c:466	0	0	0	0	0	0	0	0	0.0196078431373	0.011811023622	0.	0.	0.	1	0	0	0	0	0	0	0.0125	0	0
number.c:472	0	0	0	0	0	0	0	0	0.0196078431373	0.0209973753281	0.	0.	0.	1	0	0	0	0	0	0	0.0125	0	0
number.c:488	0	0	0	0	0	0	0	0	0.0196078431373	0.0236220472441	0.	0.5	0.	0	0	0	0	0	0	0	0.0375	0	0
number.c:504	0	0	0	0	0	0	0	0	0.0196078431373	0.0209973753281	0.	0.	0.	1	0	0	0	0	0	0	0.0125	0	0
number.c:674	0	0	0	0	0	0	0	0	0.0196078431373	0.0419947506562	0.	0.5	1.	0	0	0	0	0	0	0	0.025	0	0
number.c:678	0	0	0	1	0	0	0	0	0.0392156862745	0.0131233595801	0.	0.	1.	0	0	0	0	0	0	0	0.075	0	0
number.c:710	1	0	0	0	0	0	0	0	0.0196078431373	0.0223097112861	0.	0.	0.	0	0	0	0	0	0	0	0.0125	0	0
number.c:720	1	0	0	0	0	0	0	0	0.0196078431373	0.0144356955381	0.	0.	0.	1	0	0	1	0	0	0	0.0125	0	0
number.c:729	1	0	0	0	0	0	0	0	0.0196078431373	0.0223097112861	0.	0.	0.	0	0	0	0	0	0	0	0.0125	0	0
number.c:739	1	0	0	0	0	0	0	0	0.0196078431373	0.0144356955381	0.	0.	0.	1	0	0	1	0	0	0	0.0125	0	0
number.c:913	0	0	0	0	0	0	0	0	0.0196078431373	0.0157480314961	0.	0.	0.	1	0	0	0	0	0	0	0.0125	0	0
number.c:968	1	1	1	0	0	0	0	0	0.0392156862745	0.010498687664	0.	0.	0.	1	0	0	0	0	0	0	0.05	1	0
number.c:987	1	0	1	0	0	0	0	1	0.0196078431373	0.00656167979003	0.	0.	1.	0	0	0	0	0	0	0	0.0375	1	0
scan.l:296	0	1	0	1	0	0	0	0	0.0392156862745	0.0433070866142	0.	0.5	0.	1	0	0	1	0	0	0	0.0125	0	0
scan.l:298	0	1	0	1	0	0	0	0	0.0392156862745	0.0144356955381	0.	0.5	0.	1	0	0	1	0	0	0	0.0125	0	0
scan.l:303	0	1	0	0	0	0	0	0	0.0196078431373	0.00656167979003	0.	0.	0.	1	0	0	1	0	0	0	0.0125	0	0
scan.l:319	1	0	1	0	0	0	0	1	0.0196078431373	0.0157480314961	0.	1.	1.	0	0	0	1	0	0	0	0.0375	0	0
scan.l:337	0	1	1	0	0	0	0	1	0.0196078431373	0.00524934383202	0.	0.	1.	0	0	0	1	0	0	0	0.0375	0	0
scan.l:340	1	0	1	0	0	0	0	1	0.0196078431373	0.0183727034121	0.	0.5	2.	0	0	0	1	0	0	0	0.0375	0	0
storage.c:1002	1	1	0	1	0	0	0	1	0.0392156862745	0.0853018372703	0.285714285714	0.	1.	0	0	0	0	0	0	0	0.025	1	0
storage.c:137	0	0	0	0	0	1	0	1	0.0196078431373	0.00656167979003	0.285714285714	0.5	0.	0	0	0	0	0	0	0	0.025	0	1
storage.c:141	0	0	0	0	1	0	0	0	0.0196078431373	0.00656167979003	0.142857142857	0.5	0.	0	0	1	0	0	0	0	0.025	0	0
storage.c:171	0	0	0	0	0	1	0	1	0.0196078431373	0.00656167979003	0.285714285714	0.5	0.	0	0	0	0	0	0	0	0.025	0	1
storage.c:176	0	0	0	0	1	0	0	0	0.0196078431373	0.00656167979003	0.142857142857	0.5	0.	0	0	1	0	0	0	0	0.025	0	0
storage.c:212	1	0	0	0	0	0	0	0	0.0196078431373	0.00918635170604	0.	0.	0.	0	0	0	0	0	0	0	0.025	0	0
storage.c:318	1	0	0	1	0	0	0	1	0.0392156862745	0.00918635170604	0.	0.	0.	1	0	0	0	0	0	0	0.025	0	0
storage.c:393	0	0	0	1	1	0	0	1	0.0196078431373	0.011811023622	0.142857142857	0.5	0.	0	0	0	0	0	0	0	0.0375	0	1
storage.c:401	0	0	0	0	0	0	0	0	0.0196078431373	0.0380577427822	0.285714285714	0.5	0.	1	0	0	0	0	0	0	0.0375	0	0
storage.c:407	0	1	0	0	1	0	0	1	0.0196078431373	0.00656167979003	0.142857142857	0.5	0.	1	0	0	0	0	0	0	0.0125	0	0
storage.c:412	0	1	0	0	1	0	0	1	0.0196078431373	0.00787401574803	0.142857142857	0.5	0.	1	0	0	0	0	0	0	0.0125	0	0
storage.c:421	0	1	0	0	0	0	0	1	0.0196078431373	0.0446194225722	0.428571428571	0.5	0.	1	0	0	0	0	0	0	0.0125	0	0
storage.c:430	0	1	0	0	1	0	0	1	0.0196078431373	0.00656167979003	0.142857142857	0.5	0.	1	0	0	0	0	0	0	0.0125	0	0
storage.c:433	0	1	0	0	1	0	0	1	0.0196078431373	0.00787401574803	0.142857142857	0.5	0.	1	0	0	0	0	0	0	0.0125	0	0
storage.c:887	0	1	0	0	1	0	0	1	0.0196078431373	0.00787401574803	0.142857142857	0.5	0.	0	0	0	0	0	0	0	0.0125	0	0
storage.c:890	0	1	0	0	1	0	0	1	0.0196078431373	0.00787401574803	0.142857142857	0.5	0.	0	0	0	0	0	0	0	0.0125	0	0
storage.c:908	1	0	0	0	0	0	0	1	0.0196078431373	0.0472440944882	0.285714285714	0.	0.	1	0	0	0	0	0	0	0.0125	0	0
storage.c:91	0	0	0	0	0	1	0	1	0.0196078431373	0.00787401574803	0.571428571429	0.5	0.	0	0	0	0	0	0	0	0.025	0	1
storage.c:953	0	1	0	0	0	1	0	1	0.0196078431373	0.0131233595801	0.285714285714	0.5	0.	0	0	0	0	0	0	0	0.0125	0	0
storage.c:960	0	1	0	0	0	1	0	1	0.0196078431373	0.0131233595801	0.285714285714	0.5	0.	0	0	0	0	0	0	0	0.0125	0	0
storage.c:98	0	0	0	0	0	0	0	0	0.0196078431373	0.0183727034121	0.	0.5	0.	0	0	1	0	0	0	0	0.025	0	0
util.c:146	1	0	0	0	0	0	0	1	0.0196078431373	0.00656167979003	0.	0.5	0.	0	0	0	0	0	0	0	0.0125	0	0
util.c:149	1	0	0	0	0	0	1	1	0.0196078431373	0.0144356955381	0.142857142857	0.5	0.	0	0	0	0	0	0	0	0.0125	0	1
util.c:165	1	0	0	0	0	0	0	0	0.0196078431373	0.00918635170604	0.	0.	0.	1	0	0	0	0	0	0	0.0125	0	0
util.c:188	1	0	0	0	0	0	0	1	0.0196078431373	0.0301837270341	0.	0.	0.	0	0	0	0	0	0	0	0.0125	0	0
util.c:191	1	0	0	0	0	0	0	1	0.0196078431373	0.0131233595801	0.	0.	0.	0	0	0	0	0	0	0	0.0125	0	0
util.c:207	1	0	0	0	0	0	0	1	0.0196078431373	0.0301837270341	0.	0.	0.	0	0	0	0	0	0	0	0.0125	0	0
util.c:210	1	0	0	0	0	0	0	1	0.0196078431373	0.0131233595801	0.	0.	0.	0	0	0	0	0	0	0	0.0125	0	0
util.c:226	1	0	0	0	0	0	0	1	0.0196078431373	0.0209973753281	0.	0.	0.	0	0	0	0	0	0	0	0.0125	0	0
util.c:229	1	0	0	0	0	0	0	1	0.0196078431373	0.0131233595801	0.	0.	0.	0	0	0	0	0	0	0	0.0125	0	0
bzip2.c:1000	0	1	0	0	0	0	0	0	0.111111111111	0.455128205128	0.1875	0.666666666667	0.	1	0	0	0	0	0	0	0.142857142857	0	0
bzip2.c:1001	0	0	1	1	0	0	1	1	0.222222222222	0.0961538461538	0.125	0.166666666667	0.	0	0	0	0	1	0	0	1.	0	1
bzip2.c:1002	0	0	1	1	0	0	1	1	0.222222222222	0.0961538461538	0.125	0.166666666667	0.	0	0	0	0	1	0	0	1.	0	1
bzip2.c:1009	0	0	1	0	0	0	1	1	0.111111111111	0.0320512820513	0.125	0.	0.	0	0	0	0	1	0	0	0.857142857143	0	0
bzip2.c:1015	0	0	0	0	0	0	0	1	0.111111111111	0.108974358974	0.125	0.333333333333	0.	0	0	0	0	0	0	0	0.285714285714	0	1
bzip2.c:1018	0	0	1	0	0	0	0	1	0.111111111111	0.0320512820513	0.0625	0.166666666667	0.	0	0	0	0	1	0	0	0.428571428571	0	0
bzip2.c:1025	0	0	0	0	1	0	0	1	0.111111111111	0.0448717948718	0.0625	0.166666666667	0.	0	0	0	0	0	0	0	0.285714285714	0	1
bzip2.c:1044	0	0	0	0	0	0	0	0	0.111111111111	0.102564102564	0.125	0.5	0.	0	0	0	0	0	0	0	0.285714285714	0	0
bzip2.c:1045	0	0	0	0	0	1	0	1	0.111111111111	0.0576923076923	0.125	0.333333333333	0.	0	0	0	0	0	0	0	0.285714285714	0	0
bzip2.c:1064	0	0	0	0	0	0	0	1	0.111111111111	0.0961538461538	0.125	0.5	0.	0	0	0	0	0	0	0	0.285714285714	0	0
bzip2.c:1065	0	0	0	0	0	0	0	1	0.111111111111	0.0576923076923	0.125	0.333333333333	0.	0	0	0	0	0	0	0	0.285714285714	0	1
bzip2.c:1068	0	1	0	0	1	0	0	1	0.111111111111	0.0320512820513	0.0625	0.166666666667	0.	1	0	0	0	0	0	0	0.142857142857	0	0
bzip2.c:1069	0	0	0	0	0	0	0	1	0.111111111111	0.0320512820513	0.125	0.166666666667	0.	0	0	0	0	0	0	0	0.285714285714	0	1
bzip2.c:1071	0	1	0	0	0	0	0	1	0.111111111111	0.0320512820513	0.0625	0.166666666667	0.	1	0	0	0	0	0	0	0.142857142857	0	0
bzip2.c:1073	0	1	0	0	1	0	0	1	0.111111111111	0.0320512820513	0.0625	0.166666666667	0.	1	0	0	0	0	0	0	0.142857142857	0	0
bzip2.c:1076	0	0	0	0	0	0	0	1	0.111111111111	0.0448717948718	0.125	0.166666666667	0.	0	0	0	0	0	0	0	0.285714285714	0	0
bzip2.c:1081	0	0	0	0	0	0	0	1	0.111111111111	0.0320512820513	0.125	0.166666666667	0.	0	0	0	0	0	0	0	0.285714285714	0	0
bzip2.c:1223	0	1	0	0	0	0	0	1	0.111111111111	0.0641025641026	0.1875	0.333333333333	0.	1	0	0	0	0	0	0	0.142857142857	0	1
bzip2.c:1246	0	0	0	0	1	0	0	1	0.111111111111	0.0320512820513	0.0625	0.166666666667	0.	0	0	0	0	0	0	0	0.285714285714	0	1
bzip2.c:1250	0	0	0	0	1	0	0	1	0.111111111111	0.0320512820513	0.0625	0.166666666667	0.	0	0	1	0	0	0	0	0.285714285714	0	1
bzip2.c:1253	0	0	0	0	0	0	0	1	0.111111111111	0.294871794872	0.375	0.666666666667	0.	0	0	1	0	0	0	0	0.285714285714	0	1
bzip2.c:1267	0	0	0	0	0	0	0	1	0.111111111111	0.0448717948718	0.0625	0.166666666667	0.	0	0	0	0	0	0	0	0.285714285714	0	1
bzip2.c:1280	0	1	0	0	0	0	0	0	0.111111111111	0.108974358974	0.125	0.166666666667	0.	1	0	0	0	0	0	0	0.142857142857	0	0
bzip2.c:1296	0	1	0	0	0	0	0	0	0.111111111111	0.108974358974	0.125	0.166666666667	0.	1	0	0	0	0	0	0	0.142857142857	0	0
bzip2.c:1342	0	1	0	0	0	0	0	1	0.111111111111	0.0705128205128	0.125	0.333333333333	0.	1	0	0	0	0	0	0	0.142857142857	0	0
bzip2.c:1343	0	0	0	0	0	0	0	1	0.111111111111	0.0320512820513	0.125	0.166666666667	0.	0	0	0	0	0	0	0	0.285714285714	0	1
bzip2.c:1359	0	0	0	0	0	0	0	1	0.111111111111	0.346153846154	0.1875	0.333333333333	0.	1	0	0	0	0	0	0	0.142857142857	0	1
bzip2.c:1363	0	0	0	1	1	0	0	1	0.222222222222	0.0448717948718	0.0625	0.166666666667	0.	0	0	0	0	0	0	0	0.571428571429	0	0
bzip2.c:1381	0	0	0	0	0	0	0	1	0.111111111111	0.0833333333333	0.125	0.166666666667	0.	0	0	0	0	0	0	0	0.285714285714	0	1
bzip2.c:1395	0	1	0	0	0	0	0	0	0.111111111111	0.897435897436	0.9375	0.833333333333	0.	1	0	0	0	0	0	0	0.142857142857	0	0
bzip2.c:1397	0	0	0	0	1	0	0	1	0.111111111111	0.0320512820513	0.0625	0.166666666667	0.	1	0	0	1	0	0	0	0.285714285714	0	0
bzip2.c:1399	0	0	0	0	0	0	0	1	0.111111111111	0.0705128205128	0.125	0.333333333333	0.	1	0	0	1	0	0	0	0.285714285714	0	0
bzip2.c:1400	0	0	0	0	0	0	0	1	0.111111111111	0.0320512820513	0.125	0.166666666667	0.	0	0	0	0	0	0	0	0.285714285714	0	1
bzip2.c:1406	0	0	0	0	0	0	0	1	0.111111111111	0.538461538462	0.875	0.5	0.	0	0	1	0	0	0	0	0.285714285714	0	1
bzip2.c:1417	0	0	0	0	1	0	0	1	0.111111111111	0.0320512820513	0.0625	0.166666666667	0.	1	0	0	1	0	0	0	0.285714285714	0	0
bzip2.c:1422	0	0	0	0	0	0	1	1	0.111111111111	0.0705128205128	0.5	0.166666666667	0.	0	0	0	0	0	0	0	0.285714285714	0	0
bzip2.c:1434	0	0	0	0	0	0	0	1	0.111111111111	0.0769230769231	0.25	0.333333333333	0.	0	0	0	0	0	0	0	0.285714285714	0	0
bzip2.c:1436	0	0	0	0	0	0	0	1	0.111111111111	0.0320512820513	0.1875	0.166666666667	0.	1	0	0	1	0	0	0	0.285714285714	0	0
bzip2.c:1445	0	0	0	0	1	0	0	1	0.111111111111	0.0576923076923	0.0625	0.166666666667	0.	1	0	0	1	0	0	0	0.285714285714	0	0
bzip2.c:1455	0	0	0	0	0	0	0	1	0.111111111111	0.0320512820513	0.1875	0.166666666667	0.	0	0	0	0	0	0	0	0.285714285714	0	0
bzip2.c:1464	0	0	0	0	1	0	0	1	0.111111111111	0.0448717948718	0.0625	0.166666666667	0.	1	0	0	1	0	0	0	0.285714285714	0	0
bzip2.c:1472	0	0	0	0	0	1	0	1	0.111111111111	0.0384615384615	0.125	0.166666666667	0.	1	0	0	1	0	0	0	0.285714285714	0	0
bzip2.c:1486	0	0	0	0	1	0	0	1	0.111111111111	0.0320512820513	0.0625	0.166666666667	0.	1	0	0	1	0	0	0	0.285714285714	0	0
bzip2.c:1487	0	0	0	0	0	0	0	1	0.111111111111	0.108974358974	0.1875	0.333333333333	0.	0	0	0	0	0	0	0	0.285714285714	0	1
bzip2.c:1491	0	0	0	0	0	0	0	1	0.111111111111	0.0448717948718	0.0625	0.166666666667	0.	0	0	0	0	0	0	0	0.285714285714	0	1
bzip2.c:1503	0	0	0	0	0	0	0	1	0.111111111111	0.230769230769	0.25	0.333333333333	0.	1	0	0	1	0	0	0	0.285714285714	0	0
bzip2.c:1506	0	0	0	0	0	0	0	1	0.111111111111	0.0769230769231	0.125	0.166666666667	0.	0	0	0	0	0	0	0	0.285714285714	0	1
bzip2.c:1519	0	1	0	0	0	0	0	1	0.111111111111	0.0961538461538	0.125	0.333333333333	0.	1	0	0	0	0	0	0	0.142857142857	0	0
bzip2.c:1521	0	1	0	0	0	0	0	1	0.111111111111	0.0512820512821	0.125	0.166666666667	0.	1	0	0	0	0	0	0	0.142857142857	0	0
bzip2.c:1526	0	1	0	0	1	0	0	1	0.111111111111	0.0705128205128	0.0625	0.166666666667	0.	1	0	0	0	0	0	0	0.142857142857	0	0
bzip2.c:1529	0	1	0	0	0	0	0	1	0.111111111111	0.134615384615	0.125	0.333333333333	0.	1	0	0	0	0	0	0	0.142857142857	0	0
bzip2.c:1531	0	1	0	0	0	0	0	1	0.111111111111	0.0705128205128	0.0625	0.166666666667	0.	1	0	0	0	0	0	0	0.142857142857	0	0
bzip2.c:1548	0	0	0	0	1	0	0	1	0.111111111111	0.0961538461538	0.0625	0.333333333333	0.	0	0	0	0	0	0	0	0.285714285714	0	1
bzip2.c:1549	0	0	1	0	0	0	0	0	0.111111111111	0.0384615384615	0.0625	0.166666666667	0.	0	0	1	0	1	0	0	0.571428571429	0	0
bzip2.c:1558	0	0	0	0	0	0	0	1	0.111111111111	0.198717948718	0.125	0.5	0.	1	0	0	1	0	0	0	0.285714285714	0	0
bzip2.c:1561	0	0	0	0	0	0	0	1	0.111111111111	0.141025641026	0.125	0.333333333333	0.	0	0	0	0	0	0	0	0.285714285714	0	1
bzip2.c:1562	0	0	1	0	0	0	0	0	0.111111111111	0.0384615384615	0.125	0.166666666667	0.	0	0	1	0	1	0	0	0.857142857143	0	0
bzip2.c:1563	0	0	1	0	0	0	0	0	0.111111111111	0.0384615384615	0.125	0.	0.	0	0	1	0	1	0	0	0.857142857143	0	0
bzip2.c:1575	0	0	0	0	0	0	0	1	0.111111111111	0.115384615385	0.375	0.333333333333	0.	0	0	1	0	0	0	0	0.285714285714	0	1
bzip2.c:1579	0	0	0	0	0	0	0	1	0.111111111111	0.0384615384615	0.375	0.166666666667	0.	0	0	0	0	0	0	0	0.285714285714	0	0
bzip2.c:1614	0	1	0	0	1	0	0	1	0.111111111111	0.0705128205128	0.0625	0.166666666667	0.	1	0	0	0	0	0	0	0.142857142857	0	0
bzip2.c:1619	0	1	0	0	1	0	0	1	0.111111111111	0.0320512820513	0.0625	0.166666666667	0.	1	0	0	0	0	0	0	0.142857142857	0	0
bzip2.c:1621	0	1	0	0	0	0	0	1	0.111111111111	0.128205128205	0.125	0.333333333333	0.	1	0	0	0	0	0	0	0.142857142857	0	0
bzip2.c:1623	0	1	0	0	0	0	0	1	0.111111111111	0.0641025641026	0.0625	0.166666666667	0.	1	0	0	0	0	0	0	0.142857142857	0	0
bzip2.c:1632	0	0	0	0	1	0	0	1	0.111111111111	0.0833333333333	0.0625	0.333333333333	0.	0	0	0	0	0	0	0	0.285714285714	0	1
bzip2.c:1634	0	1	0	0	0	0	0	0	0.111111111111	0.0384615384615	0.	0.166666666667	0.	1	0	0	0	0	0	0	0.142857142857	0	0
bzip2.c:1641	0	0	0	0	1	0	0	1	0.111111111111	0.0320512820513	0.0625	0.	0.	0	0	0	0	0	0	0	0.285714285714	0	1
bzip2.c:1643	0	0	0	0	0	0	0	1	0.111111111111	0.0897435897436	0.1875	0.166666666667	0.	0	0	0	0	0	0	0	0.285714285714	0	1
bzip2.c:1646	0	0	0	0	0	0	0	1	0.111111111111	0.0320512820513	0.0625	0.	0.	1	0	0	0	0	0	0	0.142857142857	0	0
bzip2.c:1653	0	0	0	0	0	0	0	1	0.111111111111	0.173076923077	0.125	0.5	0.	0	0	0	0	0	0	0	0.285714285714	0	1
bzip2.c:1655	0	0	0	0	0	0	0	1	0.111111111111	0.115384615385	0.125	0.333333333333	0.	0	0	0	0	0	0	0	0.285714285714	0	1
bzip2.c:1656	0	1	0	0	0	0	0	0	0.111111111111	0.0769230769231	0.	0.166666666667	0.	1	0	0	0	0	0	0	0.142857142857	0	0
bzip2.c:1664	0	0	0	0	0	0	0	1	0.111111111111	0.153846153846	0.375	0.333333333333	0.	0	0	0	0	0	0	0	0.285714285714	0	1
bzip2.c:1667	0	0	0	0	0	0	0	1	0.111111111111	0.0769230769231	0.125	0.166666666667	0.	0	0	0	0	0	0	0	0.285714285714	0	1
bzip2.c:1721	0	1	0	0	1	0	0	1	0.111111111111	0.0320512820513	0.0625	0.166666666667	0.	1	0	0	0	0	0	0	0.142857142857	0	0
bzip2.c:1723	0	1	0	0	1	0	0	1	0.111111111111	0.0320512820513	0.0625	0.166666666667	0.	1	0	0	0	0	0	0	0.142857142857	0	1
bzip2.c:1727	0	1	0	0	0	0	0	0	0.111111111111	0.0833333333333	0.	0.	0.	1	0	1	0	0	0	0	0.142857142857	0	0
bzip2.c:1729	0	0	0	0	0	0	0	1	0.111111111111	1.	1.	0.833333333333	0.	0	0	0	0	0	0	0	0.285714285714	0	0
bzip2.c:1737	0	1	0	1	0	0	0	0	0.111111111111	0.320512820513	0.5	0.333333333333	0.	1	0	0	0	0	0	0	0.142857142857	0	0
bzip2.c:1741	0	1	0	0	0	0	0	0	0.111111111111	0.0833333333333	0.	0.	0.	1	0	1	0	0	0	0	0.142857142857	0	0
bzip2.c:1750	0	0	0	0	0	0	0	0	0.111111111111	0.0384615384615	0.0625	0.166666666667	0.	1	0	0	0	0	0	0	0.142857142857	0	0
bzip2.c:1756	0	0	0	0	0	0	0	0	0.111111111111	0.0384615384615	0.0625	0.166666666667	0.	1	0	0	0	0	0	0	0.142857142857	0	0
bzip2.c:1784	0	1	0	0	0	0	0	1	0.111111111111	0.0512820512821	0.0625	0.	0.	1	0	0	0	0	0	0	0.142857142857	0	0
bzip2.c:1790	0	0	0	0	0	0	0	0	0.111111111111	0.0320512820513	0.0625	0.	0.	1	0	0	0	0	0	0	0.142857142857	0	0
bzip2.c:1793	0	1	0	0	0	0	0	0	0.111111111111	0.0833333333333	0.	0.	0.	1	0	1	0	0	0	0	0.142857142857	0	0
bzip2.c:1860	0	0	0	0	0	0	0	1	1.	0.352564102564	0.125	0.5	0.	1	0	0	0	0	0	0	0.714285714286	0	0
bzip2.c:1925	0	0	1	0	0	0	0	1	0.111111111111	0.025641025641	0.0625	0.166666666667	0.	0	0	1	1	1	0	0	0.571428571429	0	1
bzip2.c:1934	1	0	0	1	0	0	0	1	0.444444444444	0.365384615385	0.0625	0.166666666667	0.	1	0	1	1	0	0	0	0.428571428571	0	0
bzip2.c:1940	1	0	0	0	0	0	1	1	0.222222222222	0.0576923076923	0.0625	0.	0.	1	0	0	1	0	0	0	0.571428571429	0	0
bzip2.c:1952	1	0	0	0	0	0	1	1	0.222222222222	0.0576923076923	0.0625	0.	0.	1	0	0	1	0	0	0	0.571428571429	0	0
bzip2.c:1964	1	0	0	0	0	0	1	1	0.222222222222	0.0576923076923	0.0625	0.	0.	1	0	0	1	0	0	0	0.571428571429	0	0
bzip2.c:1992	0	0	0	0	0	0	0	1	0.111111111111	0.0576923076923	0.0625	0.333333333333	0.	1	0	0	0	0	0	0	0.142857142857	0	0
bzip2.c:2047	1	0	0	1	0	0	0	1	0.333333333333	0.570512820513	0.1875	0.5	0.	1	0	1	1	0	0	0	0.571428571429	0	1
bzip2.c:2066	0	0	0	0	0	0	0	1	0.111111111111	0.294871794872	0.125	0.333333333333	0.	0	0	0	0	0	0	0	0.285714285714	0	0
bzip2.c:2067	1	0	0	0	0	0	0	1	0.222222222222	0.0705128205128	0.125	0.333333333333	0.	0	0	0	0	0	0	0	0.428571428571	0	0
bzip2.c:2074	1	0	0	0	0	0	0	1	0.222222222222	0.0705128205128	0.125	0.	0.	0	0	0	0	0	0	0	0.428571428571	0	0
bzip2.c:2129	0	1	0	0	0	0	0	1	0.111111111111	0.0320512820513	0.0625	0.166666666667	0.	1	0	0	0	0	0	0	0.142857142857	0	0
bzip2.c:2131	0	0	0	0	1	0	0	1	0.111111111111	0.0320512820513	0.0625	0.166666666667	0.	0	0	1	0	0	0	0	0.285714285714	0	1
bzip2.c:2143	0	0	0	0	1	0	0	1	0.111111111111	0.0320512820513	0.0625	0.166666666667	0.	0	0	1	0	0	0	0	0.285714285714	0	0
bzip2.c:2152	0	1	0	0	1	0	0	1	0.111111111111	0.0320512820513	0.0625	0.166666666667	0.	1	0	0	0	0	0	0	0.142857142857	0	0
bzip2.c:2156	0	1	0	0	1	0	0	1	0.111111111111	0.0320512820513	0.0625	0.166666666667	0.	1	0	0	0	0	0	0	0.142857142857	0	0
bzip2.c:2159	0	0	0	0	0	0	0	1	0.111111111111	0.0448717948718	0.125	0.166666666667	0.	0	0	1	0	0	0	0	0.285714285714	0	1
bzip2.c:2165	0	1	0	0	0	0	0	1	0.111111111111	0.0320512820513	0.0625	0.166666666667	0.	1	0	0	0	0	0	0	0.142857142857	0	0
bzip2.c:2168	0	0	0	0	0	0	0	1	0.111111111111	0.0576923076923	0.1875	0.166666666667	0.	0	0	1	0	0	0	0	0.285714285714	0	1
bzip2.c:2185	0	1	0	0	1	0	0	1	0.111111111111	0.0320512820513	0.0625	0.166666666667	0.	1	0	0	0	0	0	0	0.142857142857	0	1
bzip2.c:2190	0	1	0	0	0	0	0	0	0.111111111111	0.025641025641	0.	0.	0.	1	0	0	0	0	0	0	0.142857142857	0	0
bzip2.c:2191	0	1	0	0	0	0	0	0	0.111111111111	0.153846153846	0.125	0.166666666667	0.	0	0	0	0	0	0	0	0.142857142857	0	0
bzip2.c:2193	0	1	0	0	0	0	0	1	0.111111111111	0.108974358974	0.125	0.166666666667	0.	1	0	0	0	0	0	0	0.142857142857	0	0
bzip2.c:2196	0	0	1	0	0	0	1	1	0.222222222222	0.0448717948718	0.125	0.	0.	1	0	1	0	1	0	0	1.	0	0
bzip2.c:2225	1	1	0	1	0	0	0	0	0.222222222222	0.185897435897	0.0625	0.166666666667	0.	1	0	1	1	0	0	0	0.285714285714	0	0
bzip2.c:2258	0	0	0	0	0	0	0	0	0.111111111111	0.025641025641	0.	0.166666666667	0.	0	0	0	0	0	0	0	0.285714285714	0	0
bzip2.c:2260	0	0	0	0	0	0	0	1	0.111111111111	0.0705128205128	0.125	0.166666666667	0.	0	0	0	0	0	0	0	0.285714285714	0	0
bzip2.c:2275	0	1	0	0	0	0	0	1	0.111111111111	0.0320512820513	0.125	0.166666666667	0.	1	0	0	0	0	0	0	0.142857142857	0	0
bzip2.c:2278	0	0	1	0	0	0	0	1	0.111111111111	0.0897435897436	0.3125	0.166666666667	0.	0	0	1	0	1	0	0	0.571428571429	0	0
bzip2.c:2288	0	1	0	0	0	0	0	1	0.111111111111	0.0320512820513	0.0625	0.166666666667	0.	1	0	0	0	0	0	0	0.142857142857	0	0
bzip2.c:2382	0	1	0	0	1	0	0	1	0.111111111111	0.0320512820513	0.0625	0.166666666667	0.	1	0	0	0	0	0	0	0.142857142857	0	0
bzip2.c:2384	0	0	0	0	0	0	0	1	0.111111111111	0.134615384615	0.1875	0.333333333333	0.	0	0	1	0	0	0	0	0.285714285714	0	1
bzip2.c:2424	1	0	1	1	1	0	0	1	0.222222222222	0.0384615384615	0.0625	0.166666666667	0.	0	0	1	0	0	0	0	0.571428571429	0	1
bzip2.c:2439	0	0	0	0	0	0	0	0	0.111111111111	0.0576923076923	0.0625	0.	0.	0	0	0	0	0	0	0	0.285714285714	0	0
bzip2.c:2472	0	1	0	0	0	0	0	1	0.111111111111	0.0320512820513	0.125	0.166666666667	0.	1	0	0	0	0	0	0	0.142857142857	0	0
bzip2.c:2473	0	1	0	0	0	0	0	1	0.111111111111	0.0320512820513	0.0625	0.166666666667	0.	1	0	0	0	0	0	0	0.142857142857	0	0
bzip2.c:2476	0	1	0	0	0	1	0	1	0.111111111111	0.0320512820513	0.125	0.166666666667	0.	1	0	0	0	0	0	0	0.142857142857	0	0
bzip2.c:2479	0	0	0	0	0	0	0	1	0.111111111111	0.0769230769231	0.1875	0.166666666667	0.	0	0	1	0	0	0	0	0.285714285714	0	0
bzip2.c:2504	0	0	0	0	0	0	0	1	0.111111111111	0.0769230769231	0.125	0.	0.	0	0	1	0	0	0	0	0.285714285714	0	0
bzip2.c:2545	0	0	0	0	0	0	0	1	0.111111111111	0.5	0.25	0.666666666667	0.	0	0	1	0	0	0	0	0.285714285714	0	1
bzip2.c:2571	0	0	0	0	0	0	0	0	0.111111111111	0.0641025641026	0.0625	0.166666666667	0.	0	0	0	0	0	0	0	0.285714285714	0	0
bzip2.c:2615	0	1	0	0	0	0	0	1	0.111111111111	0.0320512820513	0.125	0.166666666667	0.	1	0	0	0	0	0	0	0.142857142857	0	0
bzip2.c:2616	0	1	0	0	0	0	0	1	0.111111111111	0.0320512820513	0.0625	0.166666666667	0.	1	0	0	0	0	0	0	0.142857142857	0	0
bzip2.c:2619	0	0	0	0	0	0	0	1	0.111111111111	0.0448717948718	0.1875	0.166666666667	0.	0	0	1	0	0	0	0	0.285714285714	0	0
bzip2.c:2654	0	0	0	0	0	0	0	1	0.111111111111	0.410256410256	0.25	0.666666666667	0.	0	0	1	0	0	0	0	0.285714285714	0	1
bzip2.c:2674	0	0	0	0	0	0	0	0	0.111111111111	0.0448717948718	0.0625	0.166666666667	0.	0	0	0	0	0	0	0	0.285714285714	0	0
bzip2.c:2686	0	0	0	0	0	0	0	0	0.111111111111	0.198717948718	0.1875	0.5	0.	0	0	1	0	0	0	0	0.285714285714	0	0
bzip2.c:2702	0	0	0	0	0	0	0	0	0.111111111111	0.0448717948718	0.0625	0.166666666667	0.	0	0	0	0	0	0	0	0.285714285714	0	0
bzip2.c:2750	0	1	0	1	0	0	0	0	0.222222222222	0.0576923076923	0.	0.333333333333	0.	1	0	0	0	0	0	0	0.428571428571	0	0
bzip2.c:2770	0	0	0	0	0	0	0	0	0.111111111111	0.0320512820513	0.0625	0.166666666667	0.	0	0	0	0	0	0	0	0.285714285714	0	0
bzip2.c:2789	0	1	0	0	1	0	0	1	0.111111111111	0.0320512820513	0.0625	0.166666666667	0.	1	0	0	0	0	0	0	0.142857142857	0	0
bzip2.c:2794	0	1	0	1	0	0	0	0	0.222222222222	0.294871794872	0.125	0.166666666667	0.	0	0	1	0	0	0	0	0.428571428571	0	1
bzip2.c:2870	0	1	0	0	0	0	0	0	0.111111111111	0.294871794872	0.	0.333333333333	0.	1	0	1	0	0	0	0	0.142857142857	0	0
bzip2.c:3018	0	1	0	1	0	0	0	0	0.111111111111	0.75641025641	0.	0.166666666667	0.	0	0	0	0	0	0	0	0.142857142857	0	1
bzip2.c:787	0	0	0	0	0	0	0	0	0.111111111111	0.0512820512821	0.	0.166666666667	0.	1	0	1	0	0	0	0	0.142857142857	0	0
bzip2.c:840	0	0	0	0	0	0	0	1	0.111111111111	0.0833333333333	0.	0.	0.	0	0	1	0	0	0	0	0.285714285714	0	0
bzip2.c:850	0	1	0	0	0	0	0	1	0.111111111111	0.0512820512821	0.	0.166666666667	0.	1	0	1	0	0	0	0	0.142857142857	0	0
bzip2.c:979	0	0	0	0	0	0	0	1	0.111111111111	0.0641025641026	0.125	0.166666666667	0.	0	0	0	0	0	0	0	0.285714285714	0	1
bzip2.c:982	1	0	0	0	0	0	0	0	0.111111111111	0.923076923077	0.25	1.	0.	1	0	0	1	0	0	0	0.142857142857	0	0
bzip2.c:991	0	0	0	0	0	0	0	1	0.111111111111	0.102564102564	0.1875	0.333333333333	0.	0	0	0	0	0	0	0	0.285714285714	0	1
bzip2.c:995	0	0	1	0	0	0	1	1	0.111111111111	0.0320512820513	0.125	0.	0.	0	0	0	0	1	0	0	0.857142857143	0	0
spec.c:106	0	0	0	0	0	0	0	1	0.111111111111	0.0320512820513	0.125	0.	0.	0	0	0	0	0	0	0	0.285714285714	0	0
spec.c:154	1	0	0	0	0	0	0	0	0.222222222222	0.134615384615	0.0625	0.	0.	0	0	0	0	0	0	0	0.428571428571	0	0
spec.c:164	0	0	0	0	0	0	0	0	0.111111111111	0.115384615385	0.0625	0.	0.	0	0	1	1	1	0	0	0.571428571429	0	0
spec.c:293	0	0	0	0	0	0	0	1	0.111111111111	0.0320512820513	0.1875	0.166666666667	0.	0	0	0	0	0	0	0	0.285714285714	0	0
spec.c:306	0	1	0	0	0	0	0	0	0.111111111111	0.480769230769	0.1875	0.166666666667	0.	1	0	0	0	0	0	0	0.142857142857	0	0
spec.c:344	0	0	0	0	0	0	0	1	0.111111111111	0.0769230769231	0.1875	0.166666666667	0.	0	0	0	0	0	0	0	0.285714285714	0	0
spec.c:97	0	1	0	0	0	0	0	1	0.111111111111	0.160256410256	0.125	0.166666666667	0.	1	0	0	0	0	0	0	0.142857142857	0	0
crackaddr-bad.c:163	1	0	1	1	0	0	0	0	1.	0.0232558139535	0.2	0.	1.	0	0	0	0	0	0	0	0.666666666667	0	1
crackaddr-bad.c:182	1	0	0	0	0	0	0	0	0.333333333333	1.	1.	1.	5.	0	0	0	0	0	0	0	0.166666666667	0	0
crackaddr-bad.c:322	1	0	1	0	0	0	0	1	0.666666666667	0.0186046511628	0.2	0.	0.	0	0	0	0	0	0	0	0.666666666667	0	0
crackaddr-bad.c:326	0	0	0	0	0	0	0	0	0.333333333333	0.0488372093023	0.	0.	2.	0	0	0	0	0	0	0	0.333333333333	0	0
crackaddr-bad.c:347	0	1	0	0	0	0	0	0	0.333333333333	0.0279069767442	0.	0.	2.	0	0	0	0	0	0	0	0.166666666667	0	0
crackaddr-bad.c:359	1	0	1	1	0	0	0	0	1.	0.0325581395349	0.2	0.	2.	0	0	1	0	0	0	0	1.	0	0
crackaddr-bad.c:415	1	0	1	0	0	0	0	1	0.666666666667	0.0186046511628	0.2	0.	0.	0	0	0	0	0	0	0	0.666666666667	0	0
crackaddr-bad.c:419	0	0	0	0	0	0	0	0	0.333333333333	0.0488372093023	0.	0.	2.	0	0	0	0	0	0	0	0.333333333333	0	0
crackaddr-bad.c:438	0	1	0	0	0	0	0	0	0.333333333333	0.0279069767442	0.	0.	2.	0	0	0	0	0	0	0	0.166666666667	0	0
crackaddr-bad.c:497	0	0	0	0	0	0	0	0	0.333333333333	0.0186046511628	0.	0.	1.	1	0	0	0	0	0	0	0.166666666667	0	0
crackaddr-bad.c:500	0	0	0	0	0	0	0	0	0.333333333333	0.0186046511628	0.	0.	1.	1	0	0	0	0	0	0	0.166666666667	0	0
my-util.c:104	1	1	0	0	0	0	0	0	0.166666666667	0.0845070422535	0.	0.	2.	0	1	0	0	0	0	0	0.166666666667	0	1
my-util.c:114	1	0	1	0	0	0	0	0	0.0833333333333	0.0352112676056	0.	0.	1.	0	1	0	0	0	0	0	0.166666666667	1	0
txt-dns-file-bad.c:138	1	0	0	0	0	0	0	1	0.0833333333333	0.12676056338	0.	0.	0.	1	0	0	0	0	0	0	0.0833333333333	0	0
txt-dns-file-bad.c:212	1	0	1	1	0	0	0	1	1.	1.	1.	0.	0.	0	0	0	0	0	0	0	1.	1	1
txt-dns-file-bad.c:429	0	0	0	0	0	0	0	0	0.0833333333333	0.0633802816901	0.	1.	1.	0	0	1	0	0	0	0	0.166666666667	0	1
txt-dns-file-bad.c:452	1	0	1	0	0	0	0	0	0.0833333333333	0.056338028169	0.	0.	2.	0	0	0	0	0	0	0	0.416666666667	1	1
txt-dns-file-bad.c:458	1	0	1	0	0	0	0	0	0.0833333333333	0.056338028169	0.	0.	2.	0	0	0	0	0	0	0	0.416666666667	1	1
txt-dns-file-bad.c:471	1	0	1	0	0	0	0	0	0.0833333333333	0.056338028169	0.	0.	2.	0	0	0	0	0	0	0	0.416666666667	1	1
txt-dns-file-bad.c:494	1	0	1	0	0	0	0	0	0.0833333333333	0.056338028169	0.	0.	2.	0	0	0	0	0	0	0	0.416666666667	1	1
txt-dns-file-bad.c:500	0	0	0	0	0	0	0	1	0.0833333333333	0.0492957746479	0.	1.	1.	0	0	0	0	0	0	0	0.166666666667	0	1
bits.c:159	0	0	0	0	0	0	0	0	0.2	0.0411764705882	0.	0.	0.	1	0	0	0	0	0	0	0.0909090909091	0	0
bits.c:199	1	0	0	0	0	0	0	0	0.2	0.0882352941176	0.0909090909091	0.333333333333	1.	0	0	0	0	0	0	0	0.0909090909091	0	0
deflate.c:335	1	1	0	1	0	0	0	0	0.4	0.0411764705882	0.	0.	0.	1	0	1	1	0	0	0	0.181818181818	0	0
deflate.c:338	0	1	0	0	1	0	0	1	0.2	0.0294117647059	0.0909090909091	0.333333333333	0.	1	0	0	0	0	0	0	0.0909090909091	0	0
deflate.c:542	0	0	0	0	0	0	0	1	0.2	0.0647058823529	0.	0.333333333333	0.	0	0	0	0	0	0	0	0.0909090909091	0	0
deflate.c:546	0	1	0	0	1	0	0	1	0.2	0.0647058823529	0.0909090909091	0.333333333333	0.	1	0	0	0	0	0	0	0.0909090909091	0	0
deflate.c:587	1	1	0	0	0	0	0	0	0.2	0.423529411765	0.181818181818	0.333333333333	0.	0	0	1	0	0	0	0	0.0909090909091	0	0
deflate.c:617	1	1	0	0	0	0	0	0	0.2	0.0529411764706	0.181818181818	0.333333333333	0.	0	0	0	0	0	0	0	0.0909090909091	0	0
deflate.c:650	1	1	0	1	0	0	0	0	0.4	0.0411764705882	0.	0.	0.	1	0	1	1	0	0	0	0.181818181818	0	0
deflate.c:671	1	1	0	0	0	0	0	0	0.2	0.594117647059	0.181818181818	0.333333333333	0.	0	0	1	0	0	0	0	0.0909090909091	0	0
deflate.c:693	1	1	0	0	0	0	0	0	0.2	0.0529411764706	0.181818181818	0.333333333333	0.	0	0	1	0	0	0	0	0.0909090909091	0	0
deflate.c:728	1	1	0	1	0	0	0	0	0.4	0.0411764705882	0.	0.	0.	1	0	1	1	0	0	0	0.181818181818	0	0
gzip.c:1022	1	0	1	0	0	0	0	1	0.4	0.0705882352941	0.0909090909091	0.	1.	0	0	1	0	0	0	0	0.272727272727	0	1
gzip.c:1234	1	0	0	0	0	0	0	0	0.2	0.0705882352941	0.	0.333333333333	0.	0	0	0	0	0	0	0	0.0909090909091	0	0
gzip.c:1242	1	0	0	0	0	0	0	0	0.2	0.0705882352941	0.0909090909091	0.333333333333	0.	0	0	0	0	0	0	0	0.0909090909091	0	0
gzip.c:1247	1	0	1	0	0	0	0	1	0.2	0.123529411765	0.0909090909091	0.333333333333	1.	0	1	1	0	0	0	0	0.636363636364	1	1
gzip.c:1264	1	0	0	0	0	0	0	0	0.2	0.0705882352941	0.0909090909091	0.333333333333	0.	0	0	0	0	0	0	0	0.0909090909091	0	0
gzip.c:1483	1	0	0	0	0	0	0	0	0.4	0.188235294118	0.	0.	1.	0	0	1	0	0	0	0	0.181818181818	1	0
gzip.c:1486	1	0	1	0	0	0	0	1	0.2	0.0941176470588	0.	0.	1.	0	1	1	0	0	0	0	0.363636363636	1	1
gzip.c:1495	1	0	1	0	0	0	0	0	0.2	0.0352941176471	0.0909090909091	0.	1.	0	1	1	0	0	0	0	0.363636363636	1	1
gzip.c:1525	1	1	1	0	0	0	0	0	0.4	0.0647058823529	0.	0.	0.	0	0	0	0	0	0	0	0.272727272727	0	0
gzip.c:1679	1	0	0	0	0	0	0	0	0.4	0.635294117647	0.	0.	0.	0	0	0	0	0	0	0	0.181818181818	0	0
gzip.c:366	1	0	1	0	0	0	0	0	0.2	0.0470588235294	0.	0.	1.	0	0	1	0	0	0	0	0.181818181818	1	1
gzip.c:375	1	0	1	0	0	0	0	0	0.2	0.0470588235294	0.	0.	1.	0	0	1	0	0	0	0	0.181818181818	1	1
gzip.c:481	0	1	0	0	0	0	0	0	0.2	0.882352941176	0.	0.666666666667	0.	0	0	0	0	0	0	0	0.0909090909091	0	1
gzip.c:561	0	0	0	0	0	0	0	0	0.2	0.0411764705882	0.0909090909091	0.333333333333	0.	0	1	1	0	0	0	0	0.181818181818	0	1
gzip.c:674	1	0	0	1	0	0	0	0	1.	0.117647058824	0.	0.	0.	1	0	1	1	0	0	0	0.545454545455	0	0
gzip.c:784	1	0	0	1	0	0	0	0	1.	0.0941176470588	0.	0.	0.	1	0	1	1	0	0	0	0.545454545455	0	0
gzip.c:871	1	1	0	1	0	0	0	0	1.	0.152941176471	0.	0.	0.	1	0	1	1	0	0	0	0.454545454545	0	0
gzip.c:978	1	0	1	0	0	0	0	1	0.4	0.329411764706	0.0909090909091	0.	1.	0	0	1	0	0	0	0	0.272727272727	0	1
inflate.c:309	1	0	0	0	0	0	0	1	0.2	0.0352941176471	0.0909090909091	0.	1.	0	0	0	0	0	0	0	0.0909090909091	0	1
inflate.c:325	1	1	1	1	1	0	0	1	0.4	0.0352941176471	0.0909090909091	0.333333333333	0.	1	0	0	0	1	0	0	0.272727272727	0	0
inflate.c:331	1	0	1	1	1	0	0	1	0.4	0.0352941176471	0.0909090909091	0.	0.	0	0	0	0	1	0	0	0.272727272727	0	0
inflate.c:341	0	0	0	0	1	0	0	0	0.4	0.0470588235294	0.0909090909091	0.333333333333	0.	1	0	0	0	0	0	0	0.272727272727	0	0
inflate.c:352	1	0	0	0	0	0	0	0	0.2	0.0588235294118	0.	0.	2.	0	0	0	0	0	0	0	0.0909090909091	0	1
inflate.c:359	0	0	0	0	0	0	0	0	0.2	0.0764705882353	0.181818181818	0.333333333333	1.	0	0	0	0	0	0	0	0.181818181818	0	1
inflate.c:382	1	0	0	0	0	0	0	0	0.4	0.3	0.272727272727	0.666666666667	2.	1	0	0	0	0	0	0	0.363636363636	0	0
inflate.c:393	0	0	1	0	0	0	0	1	0.4	0.0529411764706	0.	0.333333333333	1.	0	0	0	0	0	0	0	0.545454545455	0	0
inflate.c:445	0	0	0	0	1	0	0	1	0.2	0.0294117647059	0.0909090909091	0.	0.	0	0	0	0	0	0	0	0.181818181818	0	0
inflate.c:449	0	0	0	0	0	0	0	0	0.2	0.0294117647059	0.	0.	0.	0	0	0	0	0	0	0	0.181818181818	0	0
inflate.c:454	0	0	1	0	0	0	0	0	0.2	0.0294117647059	0.0909090909091	0.	0.	0	0	0	0	1	0	0	0.454545454545	0	0
inflate.c:480	1	0	0	0	0	0	0	1	0.2	0.0470588235294	0.	0.	0.	1	0	0	0	0	0	0	0.0909090909091	0	0
inflate.c:515	0	0	0	0	0	0	0	0	0.2	0.0823529411765	0.0909090909091	0.333333333333	0.	0	0	0	0	0	0	0	0.181818181818	0	0
inflate.c:517	0	1	0	0	0	0	0	1	0.4	0.147058823529	0.181818181818	0.333333333333	0.	1	0	0	0	0	0	0	0.0909090909091	0	0
inflate.c:522	0	0	0	0	0	0	0	0	0.2	0.0823529411765	0.0909090909091	0.333333333333	0.	0	0	0	0	0	0	0	0.181818181818	0	0
inflate.c:542	0	0	0	0	0	0	0	0	0.2	0.0823529411765	0.0909090909091	0.333333333333	0.	0	0	0	0	0	0	0	0.181818181818	0	0
inflate.c:547	0	0	0	0	0	0	0	0	0.2	0.0823529411765	0.0909090909091	0.333333333333	0.	0	0	0	0	0	0	0	0.181818181818	0	0
inflate.c:549	0	1	0	0	0	0	0	1	0.4	0.147058823529	0.181818181818	0.333333333333	0.	1	0	0	0	0	0	0	0.0909090909091	0	0
inflate.c:554	0	0	0	0	0	0	0	0	0.2	0.0823529411765	0.0909090909091	0.333333333333	0.	0	0	0	0	0	0	0	0.181818181818	0	0
inflate.c:557	0	0	0	0	0	0	0	0	0.2	0.0823529411765	0.0909090909091	0.333333333333	0.	0	0	0	0	0	0	0	0.181818181818	0	0
inflate.c:563	1	0	0	1	0	0	0	0	0.2	0.241176470588	0.0909090909091	0.666666666667	0.	0	0	0	0	0	0	0	0.0909090909091	0	0
inflate.c:574	1	0	0	0	0	0	0	0	0.2	0.0529411764706	0.0909090909091	0.666666666667	0.	0	0	0	0	0	0	0	0.0909090909091	0	0
inflate.c:620	0	1	0	0	0	0	0	0	0.2	0.0823529411765	0.0909090909091	0.333333333333	0.	1	0	0	0	0	0	0	0.0909090909091	0	0
inflate.c:623	0	1	0	0	0	0	0	0	0.2	0.0823529411765	0.0909090909091	0.333333333333	0.	1	0	0	0	0	0	0	0.0909090909091	0	0
inflate.c:630	1	0	0	0	0	0	0	0	0.2	0.188235294118	0.181818181818	0.666666666667	0.	0	0	0	0	0	0	0	0.0909090909091	0	0
inflate.c:632	0	1	0	0	0	0	0	0	0.2	0.0823529411765	0.0909090909091	0.333333333333	0.	1	0	0	0	0	0	0	0.0909090909091	0	0
inflate.c:666	0	1	0	0	1	0	0	1	0.2	0.0294117647059	0.0909090909091	0.333333333333	0.	1	0	0	0	0	0	0	0.0909090909091	0	0
inflate.c:668	0	1	0	0	1	0	0	0	0.2	0.0294117647059	0.0909090909091	0.333333333333	0.	1	0	0	0	0	0	0	0.0909090909091	0	0
inflate.c:670	0	1	0	0	1	0	0	0	0.2	0.0294117647059	0.0909090909091	0.333333333333	0.	1	0	0	0	0	0	0	0.0909090909091	0	0
inflate.c:672	0	1	0	0	1	0	0	0	0.2	0.0294117647059	0.0909090909091	0.333333333333	0.	1	0	0	0	0	0	0	0.0909090909091	0	0
inflate.c:680	0	1	0	0	1	0	0	1	0.2	0.0294117647059	0.0909090909091	0.333333333333	0.	1	0	0	0	0	0	0	0.0909090909091	0	0
inflate.c:733	0	1	0	0	0	0	0	0	0.2	0.0823529411765	0.0909090909091	0.333333333333	0.	1	0	0	0	0	0	0	0.0909090909091	0	0
inflate.c:736	0	1	0	0	0	0	0	0	0.2	0.0823529411765	0.0909090909091	0.333333333333	0.	1	0	0	0	0	0	0	0.0909090909091	0	0
inflate.c:739	0	1	0	0	0	0	0	0	0.2	0.0823529411765	0.0909090909091	0.333333333333	0.	1	0	0	0	0	0	0	0.0909090909091	0	0
inflate.c:751	0	0	0	0	0	0	0	1	0.2	0.129411764706	0.272727272727	0.666666666667	0.	0	0	0	0	0	0	0	0.181818181818	0	1
inflate.c:753	0	1	0	0	0	0	0	0	0.2	0.0823529411765	0.0909090909091	0.333333333333	0.	1	0	0	0	0	0	0	0.0909090909091	0	0
inflate.c:757	0	1	0	0	0	0	0	0	0.2	0.0294117647059	0.181818181818	0.333333333333	0.	1	0	0	0	0	0	0	0.0909090909091	0	0
inflate.c:775	0	0	0	0	0	0	0	0	0.8	0.741176470588	0.181818181818	0.666666666667	0.	0	0	0	0	0	0	0	0.272727272727	0	1
inflate.c:777	0	0	0	0	0	0	0	0	0.2	0.0823529411765	0.0909090909091	0.333333333333	0.	0	0	0	0	0	0	0	0.181818181818	0	0
inflate.c:785	0	1	0	0	0	0	0	0	0.2	0.0823529411765	0.0909090909091	0.333333333333	0.	1	0	0	0	0	0	0	0.0909090909091	0	0
inflate.c:790	1	0	0	0	0	0	0	0	0.2	0.0470588235294	0.0909090909091	0.333333333333	0.	0	0	0	0	0	0	0	0.0909090909091	0	0
inflate.c:795	0	1	0	0	0	0	0	0	0.2	0.0823529411765	0.0909090909091	0.333333333333	0.	1	0	0	0	0	0	0	0.0909090909091	0	0
inflate.c:800	1	0	0	0	0	0	0	0	0.2	0.0470588235294	0.0909090909091	0.333333333333	0.	0	0	0	0	0	0	0	0.0909090909091	0	0
inflate.c:806	0	1	0	0	0	0	0	0	0.2	0.0823529411765	0.0909090909091	0.333333333333	0.	1	0	0	0	0	0	0	0.0909090909091	0	0
inflate.c:811	1	0	0	0	0	0	0	0	0.2	0.0470588235294	0.0909090909091	0.333333333333	0.	0	0	0	0	0	0	0	0.0909090909091	0	0
inflate.c:882	0	1	0	0	0	0	0	0	0.2	0.0823529411765	0.0909090909091	0.333333333333	0.	1	0	0	0	0	0	0	0.0909090909091	0	0
inflate.c:888	0	1	0	0	0	0	0	0	0.2	0.0823529411765	0.0909090909091	0.333333333333	0.	1	0	0	0	0	0	0	0.0909090909091	0	0
inflate.c:929	1	0	0	1	0	0	0	0	0.4	0.0705882352941	0.	0.	0.	1	0	0	0	0	0	0	0.181818181818	0	0
inflate.c:940	0	1	0	0	0	0	0	0	0.2	0.0294117647059	0.	0.	0.	1	0	1	0	0	0	0	0.0909090909091	0	0
trees.c:1024	0	0	0	0	0	0	0	0	0.2	0.270588235294	1.	1.	0.	0	0	1	0	0	0	0	0.181818181818	0	1
trees.c:1068	0	1	0	0	0	0	0	0	0.2	0.0352941176471	0.0909090909091	0.333333333333	0.	1	0	0	0	0	0	0	0.0909090909091	0	0
trees.c:1069	0	1	0	0	0	0	0	0	0.2	0.0352941176471	0.0909090909091	0.333333333333	0.	1	0	0	0	0	0	0	0.0909090909091	0	0
trees.c:1070	0	1	0	0	0	0	0	0	0.2	0.0352941176471	0.0909090909091	0.333333333333	0.	1	0	0	0	0	0	0	0.0909090909091	0	0
trees.c:350	0	1	0	0	0	0	0	1	0.2	0.0823529411765	0.272727272727	1.	0.	1	0	0	0	0	0	0	0.0909090909091	0	0
trees.c:352	0	0	1	0	0	0	0	0	0.2	0.0411764705882	0.181818181818	0.666666666667	0.	0	0	1	1	1	0	0	0.363636363636	0	0
trees.c:365	0	1	0	0	0	0	0	1	0.2	0.0823529411765	0.272727272727	1.	0.	1	0	0	0	0	0	0	0.0909090909091	0	0
trees.c:367	0	0	1	0	0	0	0	0	0.2	0.0411764705882	0.181818181818	0.666666666667	0.	0	0	1	1	1	0	0	0.363636363636	0	0
trees.c:373	0	1	0	0	0	0	0	0	0.2	0.0823529411765	0.272727272727	1.	0.	1	0	0	0	0	0	0	0.0909090909091	0	0
trees.c:375	0	0	1	0	0	0	0	0	0.2	0.0411764705882	0.181818181818	0.666666666667	0.	0	0	1	1	1	0	0	0.363636363636	0	0
trees.c:382	0	1	0	0	1	0	0	1	0.2	0.0294117647059	0.0909090909091	0.333333333333	0.	1	0	0	0	0	0	0	0.0909090909091	0	0
trees.c:384	0	1	0	0	0	0	0	0	0.2	0.0411764705882	0.181818181818	0.333333333333	0.	1	0	0	0	0	0	0	0.0909090909091	0	0
trees.c:385	0	1	0	0	0	0	0	0	0.2	0.0411764705882	0.181818181818	0.333333333333	0.	1	0	0	0	0	0	0	0.0909090909091	0	0
trees.c:386	0	1	0	0	0	0	0	0	0.2	0.0411764705882	0.181818181818	0.333333333333	0.	1	0	0	0	0	0	0	0.0909090909091	0	0
trees.c:387	0	1	0	0	0	0	0	0	0.2	0.0411764705882	0.181818181818	0.333333333333	0.	1	0	0	0	0	0	0	0.0909090909091	0	0
trees.c:395	0	1	0	0	1	0	0	1	0.2	0.0470588235294	0.0909090909091	0.333333333333	0.	1	0	0	0	0	0	0	0.0909090909091	0	0
trees.c:412	0	1	0	0	1	0	0	1	0.2	0.0294117647059	0.0909090909091	0.333333333333	0.	1	0	0	0	0	0	0	0.0909090909091	0	0
trees.c:413	0	1	0	0	1	0	0	1	0.2	0.0294117647059	0.0909090909091	0.333333333333	0.	1	0	0	0	0	0	0	0.0909090909091	0	0
trees.c:414	0	1	0	0	1	0	0	1	0.2	0.0294117647059	0.0909090909091	0.333333333333	0.	1	0	0	0	0	0	0	0.0909090909091	0	0
trees.c:457	0	0	1	1	0	0	1	1	0.6	0.158823529412	0.272727272727	0.333333333333	0.	0	0	1	0	1	0	0	1.	0	0
trees.c:499	0	1	0	0	1	0	0	1	0.2	0.0294117647059	0.0909090909091	0.333333333333	0.	1	0	0	0	0	0	0	0.0909090909091	0	0
trees.c:506	0	1	0	0	0	0	0	1	0.2	0.158823529412	0.454545454545	0.666666666667	0.	1	0	0	0	0	0	0	0.0909090909091	0	0
trees.c:528	0	0	0	0	0	0	0	0	0.2	0.0764705882353	0.0909090909091	0.	0.	1	0	0	0	0	0	0	0.0909090909091	0	0
trees.c:530	1	0	1	0	0	0	1	1	0.2	0.0235294117647	0.0909090909091	0.	0.	0	0	1	0	1	0	0	0.272727272727	0	1
trees.c:545	1	0	0	0	0	0	0	1	0.2	0.123529411765	0.272727272727	0.	0.	0	0	0	0	0	0	0	0.0909090909091	0	0
trees.c:547	1	0	0	0	0	0	0	0	0.4	0.0411764705882	0.0909090909091	0.	0.	0	0	0	0	0	0	0	0.272727272727	0	0
trees.c:580	0	1	0	0	0	0	0	1	0.2	0.0352941176471	0.181818181818	0.333333333333	0.	1	0	0	0	0	0	0	0.0909090909091	0	0
trees.c:590	0	0	0	0	0	0	0	1	0.2	0.0764705882353	0.181818181818	0.333333333333	0.	0	0	0	0	0	0	0	0.181818181818	0	1
trees.c:621	0	0	0	0	0	0	0	1	0.2	0.0705882352941	0.272727272727	0.666666666667	0.	1	0	0	1	0	0	0	0.181818181818	0	1
trees.c:630	0	1	0	0	0	0	0	0	0.2	0.111764705882	0.363636363636	0.666666666667	0.	1	0	1	0	0	0	0	0.0909090909091	0	0
trees.c:639	0	1	0	0	0	0	0	0	0.2	0.0352941176471	0.	0.	0.	1	0	0	0	0	0	0	0.0909090909091	0	0
trees.c:640	0	1	0	0	0	0	0	0	0.2	0.176470588235	0.272727272727	0.333333333333	0.	1	0	1	0	0	0	0	0.0909090909091	0	1
trees.c:686	0	0	0	0	0	0	0	1	0.2	0.258823529412	0.181818181818	0.666666666667	0.	0	0	0	0	0	0	0	0.181818181818	0	1
trees.c:730	0	0	0	0	0	0	0	1	0.2	0.370588235294	0.181818181818	0.666666666667	0.	0	0	0	0	0	0	0	0.181818181818	0	1
trees.c:735	1	0	0	0	0	0	0	0	0.2	0.0352941176471	0.0909090909091	0.	0.	0	0	0	0	0	0	0	0.0909090909091	0	0
trees.c:808	1	1	0	1	0	0	0	1	0.4	0.0352941176471	0.181818181818	0.	0.	1	0	1	1	1	0	0	0.454545454545	0	0
trees.c:835	0	0	0	0	0	0	0	1	0.2	0.0352941176471	0.181818181818	0.333333333333	0.	1	0	0	0	0	0	0	0.181818181818	0	0
trees.c:992	0	1	0	0	0	1	0	1	0.2	0.0294117647059	0.181818181818	0.333333333333	0.	1	0	0	0	0	0	0	0.0909090909091	0	0
unlzh.c:113	0	0	0	0	0	0	0	0	0.2	0.117647058824	0.0909090909091	0.333333333333	0.	0	1	1	0	0	0	0	0.181818181818	1	0
unlzh.c:150	0	1	0	0	1	0	0	1	0.2	0.0294117647059	0.0909090909091	0.333333333333	0.	1	0	0	0	0	0	0	0.0909090909091	0	0
unlzh.c:151	0	0	0	0	0	0	0	1	0.2	0.0294117647059	0.181818181818	0.333333333333	0.	1	0	0	1	0	0	0	0.181818181818	0	1
unlzh.c:154	0	1	0	0	0	0	0	1	0.2	0.0294117647059	0.181818181818	0.333333333333	0.	1	0	0	0	0	0	0	0.0909090909091	0	0
unlzh.c:160	0	0	0	0	0	1	0	1	0.2	0.0352941176471	0.181818181818	0.333333333333	0.	1	0	0	1	0	0	0	0.181818181818	0	0
unlzh.c:164	0	1	0	0	1	0	0	0	0.2	0.0294117647059	0.0909090909091	0.333333333333	0.	1	0	0	0	0	0	0	0.0909090909091	0	0
unlzh.c:172	0	0	0	0	0	0	0	0	0.2	0.0352941176471	0.0909090909091	0.333333333333	0.	0	0	0	0	0	0	0	0.181818181818	0	0
unlzh.c:177	0	0	0	0	0	0	0	1	0.2	0.264705882353	0.454545454545	1.	0.	1	0	0	1	0	0	0	0.181818181818	0	1
unlzh.c:181	0	0	0	0	1	0	0	1	0.2	0.0294117647059	0.0909090909091	0.333333333333	0.	0	0	0	0	0	0	0	0.181818181818	0	0
unlzh.c:186	1	1	0	0	0	0	0	1	0.2	0.111764705882	0.0909090909091	0.333333333333	0.	0	0	0	0	0	0	0	0.0909090909091	0	1
unlzh.c:216	0	0	0	0	1	0	0	1	0.2	0.0294117647059	0.0909090909091	0.333333333333	0.	1	0	0	1	0	0	0	0.181818181818	0	0
unlzh.c:217	0	1	0	0	1	0	0	1	0.2	0.0294117647059	0.0909090909091	0.333333333333	0.	1	0	0	0	0	0	0	0.0909090909091	0	0
unlzh.c:220	0	0	0	0	0	0	0	0	0.2	0.241176470588	0.0909090909091	0.666666666667	0.	0	0	0	0	0	0	0	0.181818181818	0	1
unlzh.c:224	0	0	0	0	0	0	0	0	0.2	0.0294117647059	0.	0.333333333333	0.	0	0	1	0	0	0	0	0.181818181818	0	0
unlzh.c:230	0	0	0	0	0	0	0	0	0.2	0.0411764705882	0.0909090909091	0.333333333333	0.	1	0	0	0	0	0	0	0.0909090909091	0	1
unlzh.c:233	0	0	0	0	0	0	0	0	0.2	0.0352941176471	0.0909090909091	0.333333333333	0.	1	0	0	1	0	0	0	0.181818181818	0	0
unlzh.c:246	0	1	0	0	1	0	0	1	0.2	0.0294117647059	0.0909090909091	0.333333333333	0.	1	0	0	0	0	0	0	0.0909090909091	0	0
unlzh.c:247	0	1	0	0	1	0	0	1	0.2	0.0294117647059	0.0909090909091	0.333333333333	0.	1	0	0	0	0	0	0	0.0909090909091	0	0
unlzh.c:250	0	0	0	0	0	0	0	0	0.2	0.3	0.363636363636	0.333333333333	0.	0	0	0	0	0	0	0	0.181818181818	0	1
unlzh.c:254	0	1	0	0	1	0	0	0	0.2	0.0529411764706	0.0909090909091	0.	0.	1	0	0	0	0	0	0	0.0909090909091	0	0
unlzh.c:265	0	0	0	0	0	0	0	0	0.2	0.0411764705882	0.0909090909091	0.333333333333	0.	1	0	0	0	0	0	0	0.0909090909091	0	0
unlzh.c:268	0	1	0	0	0	0	0	0	0.2	0.0352941176471	0.0909090909091	0.333333333333	0.	1	0	0	0	0	0	0	0.0909090909091	0	0
unlzh.c:290	0	1	0	0	1	0	0	0	0.2	0.0529411764706	0.0909090909091	0.	0.	1	0	0	0	0	0	0	0.0909090909091	0	0
unlzh.c:307	0	1	0	0	1	0	0	0	0.2	0.0529411764706	0.0909090909091	0.	0.	1	0	0	0	0	0	0	0.0909090909091	0	0
unlzh.c:355	0	0	0	0	0	0	0	1	0.4	0.0529411764706	0.0909090909091	0.333333333333	0.	1	0	1	0	0	0	0	0.272727272727	0	1
unlzh.c:372	0	0	0	0	0	0	0	1	0.4	0.0529411764706	0.0909090909091	0.333333333333	0.	1	0	1	0	0	0	0	0.272727272727	0	0
unlzh.c:394	1	0	0	0	0	0	0	0	0.2	0.0764705882353	0.	0.	0.	1	0	1	1	0	0	0	0.0909090909091	0	0
unlzw.c:243	0	1	0	0	1	0	0	1	0.2	0.0294117647059	0.0909090909091	0.	0.	1	0	0	0	0	0	0	0.0909090909091	0	0
unlzw.c:246	1	0	0	0	0	0	0	0	0.2	1.	0.545454545455	1.	0.	0	0	0	0	0	0	0	0.0909090909091	0	0
unlzw.c:254	0	0	0	0	0	0	0	1	0.2	0.0294117647059	0.0909090909091	0.333333333333	0.	0	0	0	0	0	0	0	0.181818181818	0	1
unlzw.c:270	0	1	0	1	0	0	0	0	0.6	0.123529411765	0.272727272727	0.333333333333	0.	0	0	0	0	0	0	0	0.454545454545	0	0
unlzw.c:328	0	1	0	0	0	1	0	1	0.2	0.0352941176471	0.181818181818	0.	0.	1	0	0	0	0	0	0	0.0909090909091	0	0
unlzw.c:340	0	0	0	0	0	0	0	0	0.2	0.147058823529	0.0909090909091	0.	0.	1	0	0	0	0	0	0	0.0909090909091	0	0
unpack.c:102	0	1	0	0	0	0	0	0	0.2	0.0823529411765	0.0909090909091	0.666666666667	0.	1	0	0	0	0	0	0	0.0909090909091	0	0
unpack.c:111	0	0	0	0	0	0	0	1	0.2	0.0882352941176	0.181818181818	0.666666666667	0.	0	0	1	0	0	0	0	0.181818181818	0	1
unpack.c:131	0	0	0	0	0	0	0	1	0.2	0.135294117647	0.363636363636	1.	0.	0	0	1	0	0	0	0	0.181818181818	0	1
unpack.c:135	0	0	0	0	0	0	0	0	0.2	0.0941176470588	0.181818181818	0.666666666667	0.	1	0	0	0	0	0	0	0.0909090909091	0	0
unpack.c:151	0	1	0	0	0	1	0	1	0.2	0.0470588235294	0.272727272727	0.	0.	1	0	0	0	0	0	0	0.0909090909091	0	0
unpack.c:160	0	0	0	0	1	0	0	1	0.2	0.0764705882353	0.0909090909091	0.333333333333	0.	0	0	1	0	0	0	0	0.181818181818	0	0
unpack.c:162	1	0	0	0	0	0	0	0	0.2	0.0411764705882	0.	0.	0.	0	0	0	0	0	0	0	0.0909090909091	0	0
unpack.c:165	0	0	0	0	0	0	0	0	0.2	0.0294117647059	0.	0.	0.	0	0	1	0	0	0	0	0.181818181818	0	0
unpack.c:202	0	0	0	1	0	0	0	0	0.2	0.358823529412	0.545454545455	1.	0.	0	1	1	0	0	0	0	0.181818181818	1	0
unpack.c:203	0	0	0	0	0	0	0	0	0.2	0.0823529411765	0.0909090909091	0.333333333333	0.	0	0	1	0	0	0	0	0.181818181818	0	0
unpack.c:210	0	0	1	0	0	0	0	1	0.2	0.123529411765	0.181818181818	0.666666666667	0.	0	1	1	0	1	0	0	0.363636363636	1	0
unpack.c:212	0	0	0	0	0	0	0	0	0.2	0.0823529411765	0.0909090909091	0.333333333333	0.	0	1	1	0	0	0	0	0.181818181818	1	0
unzip.c:137	1	0	0	0	0	0	0	0	0.2	0.135294117647	0.181818181818	0.666666666667	0.	0	0	0	0	0	0	0	0.0909090909091	0	0
unzip.c:154	0	1	0	0	0	0	0	1	0.2	0.0823529411765	0.181818181818	0.666666666667	0.	1	0	0	0	0	0	0	0.0909090909091	0	0
unzip.c:166	0	1	0	0	0	0	0	1	0.2	0.0823529411765	0.181818181818	0.666666666667	0.	1	0	0	0	0	0	0	0.0909090909091	0	0
util.c:101	1	1	0	1	0	0	0	0	0.6	0.0588235294118	0.	0.	0.	1	0	1	0	0	0	0	0.181818181818	0	0
util.c:156	0	0	0	0	0	0	0	1	0.2	0.0764705882353	0.	0.	0.	0	0	0	0	0	0	0	0.181818181818	0	0
util.c:172	1	0	1	0	0	0	0	1	0.2	0.0647058823529	0.0909090909091	0.	1.	0	1	1	0	0	0	0	0.363636363636	1	1
util.c:296	1	0	1	0	0	0	0	1	0.4	0.117647058824	0.	0.333333333333	1.	0	1	0	0	0	0	0	0.363636363636	1	1
util.c:317	0	0	0	0	0	0	0	0	0.2	0.1	0.	0.	2.	1	0	0	0	0	0	0	0.0909090909091	0	1
util.c:320	1	0	1	0	0	0	0	0	0.2	0.0294117647059	0.	0.	1.	0	1	0	0	0	0	0	0.363636363636	1	0
util.c:323	1	0	0	0	0	0	0	0	0.2	0.0588235294118	0.	0.	2.	0	1	0	0	0	0	0	0.0909090909091	0	0
util.c:43	1	1	0	1	0	0	0	0	0.4	0.0647058823529	0.	0.	0.	1	0	1	0	0	0	0	0.0909090909091	0	0
util.c:72	1	0	0	0	0	0	0	1	0.2	0.0411764705882	0.0909090909091	0.	1.	0	0	0	0	0	0	0	0.0909090909091	0	1
zip.c:69	1	0	1	0	0	0	0	1	0.2	0.0764705882353	0.0909090909091	0.333333333333	1.	0	1	1	0	0	0	0	0.636363636364	1	1
iquery-bad.c:160	0	1	0	1	0	0	0	0	1.	1.	0.	1.	1.	1	0	0	1	0	0	0	1.	0	1
:-1	1	0	0	1	0	0	0	0	0.384615384615	0.822222222222	0.	0.	2.	1	0	0	0	0	0	0	0.285714285714	1	0
catopen.c:119	1	0	1	0	0	0	0	1	0.0769230769231	0.255555555556	0.333333333333	0.1	1.	0	1	0	0	0	0	0	0.285714285714	1	1
catopen.c:149	1	0	1	0	0	0	0	1	0.0769230769231	0.4	0.333333333333	0.	2.	0	1	0	0	0	0	0	0.285714285714	1	1
catopen.c:178	1	1	0	0	0	0	0	0	0.153846153846	0.0944444444444	0.	0.	0.	0	1	0	0	0	0	0	0.142857142857	1	0
different.c:22	1	0	0	0	0	0	0	0	0.153846153846	0.0722222222222	0.	0.	0.	0	0	1	0	0	0	0	0.357142857143	0	0
glob.c:126	1	1	0	1	0	0	0	0	0.384615384615	0.0944444444444	0.	0.1	1.	1	1	0	0	0	0	0	0.142857142857	1	1
glob.c:178	1	1	1	1	0	0	0	1	1.	0.65	0.	0.	2.	0	1	0	1	0	0	0	1.	1	1
glob.c:212	1	1	0	1	0	0	0	0	0.307692307692	0.216666666667	0.	0.	1.	0	1	0	0	0	0	0	0.285714285714	1	1
glob.c:247	1	1	0	1	0	0	0	0	0.230769230769	0.0777777777778	0.	0.	1.	0	1	0	0	0	0	0	0.0714285714286	1	1
glob.c:279	1	1	1	1	0	0	0	0	0.153846153846	0.0888888888889	0.	0.	2.	0	1	0	0	0	0	0	0.142857142857	1	1
glob.c:292	1	0	1	0	0	0	0	0	0.153846153846	0.0888888888889	0.	0.	1.	0	0	0	1	0	0	0	0.142857142857	0	1
glob.c:354	1	0	0	0	0	0	0	0	0.153846153846	0.138888888889	0.	0.1	0.	0	0	0	0	0	0	0	0.142857142857	0	1
glob.c:408	1	0	0	0	0	0	0	0	0.0769230769231	0.0333333333333	0.	0.	0.	1	0	0	0	0	0	0	0.0714285714286	0	0
glob.c:423	0	0	0	0	1	0	0	1	0.0769230769231	0.0333333333333	0.333333333333	0.1	0.	0	0	0	0	0	0	0	0.142857142857	0	1
glob.c:458	1	0	1	0	1	0	0	1	0.0769230769231	0.0222222222222	0.333333333333	0.1	0.	0	0	0	0	0	1	0	0.285714285714	1	1
glob.c:465	1	0	1	0	0	0	1	1	0.153846153846	0.105555555556	1.	0.1	0.	0	0	0	0	0	1	0	0.357142857143	1	1
glob.c:478	1	0	1	0	1	0	0	1	0.0769230769231	0.0333333333333	0.333333333333	0.1	0.	0	0	0	0	0	1	0	0.285714285714	1	1
glob.c:557	1	0	1	0	0	0	0	1	0.230769230769	0.222222222222	1.	0.3	0.	0	0	0	0	0	1	0	0.642857142857	1	1
glob.c:571	1	0	1	0	1	0	0	1	0.0769230769231	0.0222222222222	0.333333333333	0.1	0.	0	0	0	0	0	1	0	0.285714285714	1	1
glob.c:579	1	0	1	0	0	0	0	1	0.0769230769231	0.0388888888889	0.666666666667	0.2	0.	0	0	0	0	0	1	0	0.285714285714	1	1
glob.c:586	1	0	1	0	1	0	0	1	0.0769230769231	0.0333333333333	0.333333333333	0.1	0.	0	0	0	0	0	1	0	0.5	1	1
glob.c:644	1	0	1	0	1	0	0	1	0.0769230769231	0.0333333333333	0.333333333333	0.1	0.	0	0	0	0	0	1	0	0.357142857143	1	1
man-config.c:100	1	1	1	1	0	0	1	0	0.230769230769	0.0777777777778	0.333333333333	0.1	1.	0	1	0	0	0	0	0	0.142857142857	1	1
man-config.c:107	0	1	1	1	0	0	0	0	0.0769230769231	0.0388888888889	0.	0.	1.	0	1	0	0	0	0	0	0.142857142857	1	1
man-config.c:111	1	1	1	1	0	0	1	0	0.230769230769	0.0777777777778	0.333333333333	0.1	1.	0	1	0	0	0	0	0	0.142857142857	1	1
man-config.c:140	1	0	0	0	0	0	0	1	0.0769230769231	0.0222222222222	0.	0.	0.	0	0	1	0	0	0	0	0.214285714286	0	0
man-config.c:147	1	1	1	1	0	0	0	1	0.230769230769	0.0444444444444	0.	0.	1.	0	1	0	0	0	0	0	0.142857142857	1	1
man-config.c:154	0	1	1	1	0	0	0	0	0.0769230769231	0.0388888888889	0.	0.	1.	0	1	0	0	0	0	0	0.142857142857	1	1
man-config.c:176	1	0	0	0	0	0	0	1	0.153846153846	0.0444444444444	0.	0.	0.	1	0	0	0	0	0	0	0.142857142857	0	0
man-config.c:216	1	0	0	0	1	0	0	1	0.153846153846	0.0555555555556	0.333333333333	0.1	0.	1	0	1	0	0	0	0	0.285714285714	1	1
man-config.c:232	1	0	1	0	0	0	0	0	0.230769230769	0.233333333333	0.333333333333	0.	2.	0	1	0	0	0	0	0	0.214285714286	1	1
man-config.c:233	0	1	1	1	0	0	0	0	0.0769230769231	0.0388888888889	0.	0.	1.	0	1	0	0	0	0	0	0.142857142857	1	1
man-config.c:236	1	1	1	1	0	0	0	1	0.230769230769	0.0444444444444	0.	0.	1.	0	1	0	0	0	0	0	0.142857142857	1	1
man-config.c:242	0	1	1	1	0	0	0	0	0.153846153846	0.05	0.333333333333	0.	0.	0	1	0	0	1	0	0	0.214285714286	1	1
man-config.c:42	1	1	1	1	1	0	0	1	0.307692307692	0.105555555556	0.333333333333	0.1	0.	1	1	1	0	0	0	0	0.357142857143	1	1
man-config.c:46	0	1	1	1	0	0	0	0	0.0769230769231	0.0388888888889	0.	0.	1.	0	1	0	0	0	0	0	0.142857142857	1	1
man-config.c:59	1	0	0	0	1	0	1	1	0.153846153846	0.0444444444444	0.333333333333	0.1	0.	1	0	1	0	0	0	0	0.285714285714	0	1
man-config.c:71	0	1	1	1	0	0	0	1	0.0769230769231	0.0388888888889	0.	0.	1.	0	1	0	0	0	0	0	0.142857142857	1	1
man-config.c:77	1	0	0	0	0	0	0	1	0.0769230769231	0.0222222222222	0.	0.	0.	0	0	1	0	0	0	0	0.214285714286	0	0
man-config.c:86	1	1	1	1	0	0	1	0	0.230769230769	0.0777777777778	0.333333333333	0.1	1.	0	1	0	0	0	0	0	0.142857142857	1	1
man-config.c:93	0	1	1	1	0	0	0	0	0.0769230769231	0.0388888888889	0.	0.	1.	0	1	0	0	0	0	0	0.142857142857	1	1
man-getopt.c:68	0	1	0	0	0	0	0	0	0.0769230769231	1.	0.	1.	0.	0	0	0	0	0	0	0	0.0714285714286	0	0
man.c:1020	1	0	1	0	0	0	0	1	0.0769230769231	0.583333333333	0.	0.	2.	0	1	0	0	0	0	0	0.142857142857	1	1
man.c:1028	1	0	1	0	0	0	0	0	0.0769230769231	0.411111111111	0.	0.	1.	0	0	0	0	0	0	0	0.428571428571	1	1
man.c:1050	0	1	0	1	0	0	0	0	0.153846153846	0.0388888888889	0.	0.	0.	1	0	0	0	0	0	0	0.0714285714286	0	0
man.c:1141	1	0	0	0	0	0	0	0	0.153846153846	0.122222222222	0.333333333333	0.1	0.	0	1	1	0	0	0	0	0.214285714286	0	1
man.c:174	1	0	1	0	0	0	0	1	0.153846153846	0.0444444444444	0.	0.	1.	0	0	1	0	0	0	0	0.214285714286	0	0
man.c:212	1	0	1	0	0	0	0	0	0.0769230769231	0.177777777778	0.	0.	1.	0	0	0	0	0	0	0	0.428571428571	1	1
man.c:351	0	1	1	1	0	0	0	1	0.0769230769231	0.0388888888889	0.	0.	1.	0	1	0	0	0	0	0	0.142857142857	1	1
man.c:355	1	1	1	1	0	0	0	1	0.307692307692	0.0555555555556	0.	0.	1.	0	1	0	0	0	0	0	0.142857142857	1	1
man.c:410	1	1	0	1	0	0	0	0	0.153846153846	0.472222222222	0.	0.1	1.	0	1	0	0	0	0	0	0.0714285714286	1	1
man.c:473	1	0	1	0	0	0	0	1	0.0769230769231	0.0222222222222	0.	0.	1.	0	0	0	1	0	0	0	0.142857142857	0	1
man.c:959	1	1	0	1	0	0	0	0	0.230769230769	0.155555555556	0.	0.	0.	1	0	1	1	0	0	0	0.214285714286	0	0
man.c:992	1	0	0	1	0	0	1	0	0.153846153846	0.0944444444444	0.333333333333	0.1	0.	0	0	1	0	0	0	0	0.214285714286	0	0
manfile.c:158	1	1	0	1	1	0	0	1	0.153846153846	0.272222222222	0.333333333333	0.1	1.	1	0	0	0	0	0	0	0.142857142857	0	1
manfile.c:169	1	0	1	1	0	0	0	1	0.230769230769	0.1	0.	0.	1.	0	0	0	0	0	0	0	0.571428571429	1	1
manfile.c:200	1	0	1	1	0	0	0	1	0.153846153846	0.0722222222222	0.	0.	1.	0	1	0	0	0	0	0	0.214285714286	1	1
manfile.c:210	1	0	1	1	0	0	0	1	0.153846153846	0.0722222222222	0.	0.	1.	0	1	0	0	0	0	0	0.214285714286	1	1
manfile.c:243	1	0	1	1	0	0	0	1	0.153846153846	0.0722222222222	0.	0.	1.	0	0	1	0	0	0	0	0.214285714286	0	0
manfile.c:27	1	0	0	0	0	0	0	1	0.0769230769231	0.0222222222222	0.	0.	0.	0	0	0	0	0	0	0	0.142857142857	0	0
manpath.c:207	1	0	1	0	0	0	0	1	0.153846153846	0.0444444444444	0.	0.	1.	0	1	0	0	0	0	0	0.214285714286	1	1
manpath.c:231	0	0	0	0	0	1	0	1	0.0769230769231	0.0277777777778	0.666666666667	0.1	0.	0	0	1	0	0	0	0	0.142857142857	0	1
manpath.c:298	1	0	0	0	0	0	0	1	0.153846153846	0.0444444444444	0.	0.	0.	1	0	0	0	0	0	0	0.142857142857	0	0
manpath.c:338	1	0	0	0	0	0	0	1	0.0769230769231	0.05	0.	0.	0.	1	0	0	0	0	0	0	0.0714285714286	0	0
manpath.c:377	1	0	1	0	0	0	0	1	0.0769230769231	0.0777777777778	0.	0.	1.	0	1	0	0	0	0	0	0.142857142857	1	1
manpath.c:56	1	0	0	0	0	0	0	0	0.0769230769231	0.05	0.	0.	0.	0	0	0	0	0	0	0	0.0714285714286	1	0
manpath.c:77	1	0	0	0	0	0	0	0	0.0769230769231	0.05	0.	0.	0.	1	0	0	0	0	0	0	0.0714285714286	1	1
to_cat.c:136	1	0	0	0	0	0	0	1	0.153846153846	0.0722222222222	0.	0.	0.	1	0	0	0	0	0	0	0.142857142857	1	0
to_cat.c:87	1	0	0	0	0	0	0	1	0.153846153846	0.0444444444444	0.	0.	0.	1	0	0	0	0	0	0	0.142857142857	0	0
util.c:127	0	1	0	1	0	0	0	0	0.153846153846	0.0388888888889	0.	0.	0.	0	0	0	0	0	0	0	0.142857142857	0	0
util.c:279	1	0	1	0	0	0	0	1	0.0769230769231	0.222222222222	0.333333333333	0.	1.	0	1	0	0	0	0	0	0.142857142857	1	1
mapped-path-bad.c:184	1	0	1	1	0	0	0	0	1.	1.	0.	0.	0.	0	0	1	0	0	0	0	1.	0	1
mime1-bad.c:150	1	0	0	0	0	0	0	0	0.142857142857	0.305882352941	0.	0.	0.	0	0	0	0	0	0	0	0.2	1	0
mime1-bad.c:212	1	1	0	1	1	0	0	0	1.	1.	1.	1.	1.	1	1	0	1	0	0	0	1.	1	1
mime1-bad.c:295	1	0	0	0	0	0	0	1	0.285714285714	0.129411764706	0.	0.	0.	0	0	0	0	0	0	0	0.4	0	0
mime2-bad.c:170	0	1	0	0	0	0	0	1	1.	1.	1.	0.	1.	0	0	0	0	0	0	0	1.	0	0
mime2-bad.c:175	1	0	1	0	1	0	0	0	0.5	0.05	0.166666666667	0.	0.	0	0	0	0	0	0	0	0.75	0	0
mime2-bad.c:182	1	0	1	0	1	0	0	0	0.5	0.05	0.166666666667	0.	0.	0	0	0	0	0	0	0	0.75	0	0
mime2-bad.c:189	1	0	1	0	1	0	0	0	0.5	0.05	0.166666666667	0.	0.	0	0	0	0	0	0	0	0.75	0	0
mime2-bad.c:305	1	0	0	0	0	0	0	1	0.5	0.0611111111111	0.	0.	0.	0	0	0	0	0	0	0	0.5	0	0
compress42.c:1064	0	1	1	1	0	0	0	0	0.666666666667	0.0416666666667	0.166666666667	0.	0.	1	0	1	1	1	0	0	0.6	0	0
compress42.c:1374	0	0	0	0	0	0	0	0	0.333333333333	1.	1.	1.	0.	1	0	0	0	0	0	0	0.2	0	0
compress42.c:1386	0	1	0	1	0	0	0	0	0.666666666667	0.297619047619	0.833333333333	0.666666666667	0.	1	0	0	0	0	0	0	0.6	0	0
compress42.c:1491	0	1	0	1	0	0	1	0	0.666666666667	0.0654761904762	0.166666666667	0.	0.	0	0	0	1	0	0	0	0.4	0	0
compress42.c:1607	0	1	0	0	0	0	0	0	0.666666666667	0.047619047619	0.	0.	0.	1	0	0	0	0	0	0	0.4	0	0
compress42.c:1651	0	1	0	0	0	0	0	1	0.333333333333	0.0297619047619	0.	0.	0.	1	0	0	0	0	0	0	0.2	0	0
compress42.c:1654	0	0	0	0	0	0	0	0	0.333333333333	0.875	1.	1.	0.	1	0	0	0	0	0	0	0.2	0	0
compress42.c:1664	0	0	0	0	0	0	0	1	0.333333333333	0.0297619047619	0.166666666667	0.333333333333	0.	0	0	0	0	0	0	0	0.4	0	1
compress42.c:1682	0	1	0	1	0	0	0	0	1.	0.0892857142857	0.5	0.333333333333	0.	0	0	0	0	0	0	0	1.	0	0
compress42.c:1740	0	1	0	0	1	0	0	1	0.333333333333	0.0357142857143	0.166666666667	0.	0.	1	0	0	0	0	0	0	0.2	0	0
compress42.c:1755	0	0	0	0	0	0	0	0	0.333333333333	0.154761904762	0.166666666667	0.	0.	1	0	0	0	0	0	0	0.2	0	0
compress42.c:1808	1	0	1	0	0	0	0	0	0.333333333333	0.047619047619	0.	0.	1.	0	1	0	0	0	0	0	0.4	0	1
compress42.c:744	0	0	0	0	0	0	0	1	0.333333333333	0.625	0.	0.	2.	1	1	0	0	0	0	0	0.2	0	1
compress42.c:748	1	1	1	1	0	0	0	0	0.666666666667	0.380952380952	0.	0.	0.	0	1	1	0	0	0	0	0.6	0	0
compress42.c:829	1	0	1	0	0	0	0	1	0.333333333333	0.0357142857143	0.	0.	1.	0	1	0	0	0	0	0	0.4	0	1
ns-lookup-bad.c:239	1	0	0	1	0	0	0	1	1.	1.	0.	1.	0.	1	0	0	1	0	0	0	1.	0	0
ns-lookup-bad.c:339	0	0	0	0	0	0	0	0	0.5	0.442307692308	1.	1.	1.	1	0	0	1	0	0	0	0.666666666667	0	1
nxt-bad.c:127	1	1	0	1	0	0	0	1	0.5	0.13698630137	0.	0.	1.	1	1	0	0	0	0	0	0.5	1	1
nxt-bad.c:137	1	1	0	1	0	0	0	0	1.	1.	0.	0.	1.	1	1	0	0	0	0	0	0.5	0	1
nxt-bad.c:483	1	0	1	0	0	0	0	0	0.166666666667	0.109589041096	0.	0.	2.	0	0	0	0	0	0	0	1.	1	1
nxt-bad.c:499	0	0	0	0	0	0	0	0	0.166666666667	0.123287671233	0.	1.	2.	1	0	0	1	0	0	0	1.	0	1
nxt-bad.c:534	0	0	0	0	0	0	0	0	0.166666666667	0.123287671233	0.	1.	2.	1	0	0	1	0	0	0	1.	0	1
:-1	1	1	1	1	0	0	0	0	1.	1.	1.	1.	0.	1	1	0	0	0	0	0	1.	1	0
realpath-bad.c:124	0	1	0	0	0	0	0	0	0.142857142857	0.0309278350515	0.	1.	0.	1	0	0	0	0	0	0	0.0833333333333	0	0
realpath-bad.c:284	0	1	1	1	0	0	0	0	0.285714285714	0.0309278350515	0.	0.	0.	1	1	0	0	0	0	0	0.5	1	0
polymorph.c:109	0	1	0	0	0	0	0	1	0.333333333333	1.	0.	0.	0.	0	0	0	0	0	0	0	0.142857142857	0	0
polymorph.c:191	0	0	0	0	0	0	1	1	0.333333333333	0.2	1.	1.	0.	1	0	0	0	0	0	0	0.285714285714	0	0
polymorph.c:257	1	0	0	0	0	0	0	0	0.333333333333	0.146666666667	0.	0.	0.	0	0	0	0	0	0	0	0.142857142857	0	0
polymorph.c:275	0	0	1	0	0	0	0	1	0.666666666667	0.133333333333	0.666666666667	1.	0.	1	0	1	0	1	0	0	1.	0	1
polymorph.c:64	1	1	0	0	0	0	0	0	1.	0.4	0.	0.	0.	0	0	1	0	0	0	0	0.428571428571	0	0
prescan-overflow-bad.c:325	1	0	0	1	0	0	0	1	0.444444444444	1.	1.	1.	3.	1	0	0	1	0	0	0	0.75	0	0
prescan-overflow-bad.c:329	0	1	0	1	0	0	0	0	1.	0.787644787645	1.	1.	3.	1	0	0	1	0	0	0	1.	0	0
prescan-overflow-bad.c:460	1	0	1	0	0	0	0	1	0.222222222222	0.030888030888	0.166666666667	0.	1.	0	0	0	1	0	0	0	0.5	0	0
prescan-overflow-bad.c:593	0	1	0	0	0	0	0	1	0.111111111111	0.023166023166	0.166666666667	0.	0.	1	0	0	0	0	0	0	0.125	0	0
realpath-2.4.2-bad.c:125	0	1	0	0	0	0	0	0	0.25	0.0408163265306	0.	1.	0.	1	0	0	0	0	0	0	0.111111111111	0	0
realpath-2.4.2-bad.c:229	1	1	1	1	0	0	0	1	1.	1.	1.	0.	3.	0	1	0	0	0	0	0	1.	0	0
realpath-2.4.2-bad.c:243	1	0	1	0	0	0	0	1	0.25	0.0544217687075	0.	0.	1.	0	1	0	0	0	0	0	0.666666666667	0	1
realpath-2.4.2-bad.c:258	1	0	1	0	0	0	0	1	0.25	0.0272108843537	0.	0.	1.	0	1	0	0	0	0	0	0.666666666667	0	1
realpath-2.4.2-bad.c:295	1	0	1	0	0	0	0	1	0.25	0.0272108843537	0.	0.	1.	0	1	0	0	0	0	0	0.666666666667	0	1
realpath-2.4.2-bad.c:335	1	0	1	0	0	0	0	1	0.25	0.0272108843537	0.	0.	1.	0	1	0	0	0	0	0	0.666666666667	0	1
realpath-2.4.2-bad.c:394	1	0	1	0	0	0	0	1	0.25	0.0272108843537	0.	0.	1.	0	1	0	0	0	0	0	0.666666666667	0	1
realpath-2.4.2-bad.c:429	1	0	1	0	0	0	0	1	0.25	0.0272108843537	0.	0.	1.	0	1	0	0	0	0	0	0.666666666667	0	1
recipient-bad.c:143	1	0	1	1	0	0	0	1	0.5	0.25	0.	0.	1.	1	0	0	1	0	0	0	1.	1	1
recipient-bad.c:262	1	0	1	0	0	0	0	1	0.25	0.4	1.	0.	1.	0	0	0	0	0	0	0	0.75	1	1
recipient-bad.c:287	1	0	1	0	0	0	0	1	0.25	0.3	0.	0.	1.	0	0	0	0	0	0	0	0.75	1	1
recipient-bad.c:295	1	0	0	0	0	0	0	0	0.5	0.425	0.	0.	0.	0	0	0	0	0	0	0	0.5	0	0
util-bad.c:158	1	1	1	1	0	0	0	1	1.	0.425	0.	1.	1.	0	0	0	0	0	0	0	0.25	0	0
util-bad.c:167	1	1	1	1	0	0	0	1	1.	1.	0.	0.	2.	0	0	0	0	0	0	0	0.25	0	0
util-bad.c:178	1	0	1	0	0	0	0	0	0.25	0.1	0.	0.	1.	0	0	0	0	0	0	0	0.75	0	0
compile.c:1042	0	1	0	1	0	0	0	0	0.0714285714286	0.0053804765565	0.	0.	0.	1	1	0	0	0	0	0	0.037037037037	1	0
compile.c:1230	0	1	0	0	1	0	0	1	0.0357142857143	0.00384319754035	0.111111111111	0.2	0.	1	0	0	0	0	0	0	0.037037037037	0	0
compile.c:1252	0	0	0	0	0	0	0	0	0.0357142857143	0.0161414296695	0.111111111111	0.2	0.	0	0	0	0	0	0	0	0.0740740740741	0	0
compile.c:1278	0	0	0	0	0	0	1	1	0.0357142857143	0.0468870099923	0.444444444444	0.2	0.	0	0	0	0	0	0	0	0.0740740740741	0	1
compile.c:1313	1	0	0	0	0	0	0	0	0.0357142857143	0.0607225211376	0.111111111111	0.	1.	0	0	0	0	0	0	0	0.037037037037	0	1
compile.c:1389	0	0	0	0	0	0	0	0	0.0357142857143	0.0591852421214	0.222222222222	0.	2.	1	0	0	0	0	0	0	0.0740740740741	0	1
compile.c:1553	1	0	0	0	0	0	0	1	0.0357142857143	0.053804765565	0.111111111111	0.	0.	1	0	0	1	0	0	0	0.037037037037	0	0
compile.c:1555	1	0	0	0	0	0	0	1	0.0714285714286	0.0361260568793	0.	0.	0.	1	0	0	1	0	0	0	0.0740740740741	0	0
compile.c:1571	1	0	0	0	0	0	0	0	0.0357142857143	0.00384319754035	0.	0.	0.	1	0	0	1	0	0	0	0.037037037037	0	0
compile.c:1579	1	0	0	0	0	0	0	1	0.0357142857143	0.00768639508071	0.	0.	0.	1	0	0	1	0	0	0	0.037037037037	0	0
compile.c:1586	1	0	0	0	0	0	0	1	0.0357142857143	0.00768639508071	0.	0.	0.	1	0	0	1	0	0	0	0.037037037037	0	0
compile.c:1601	1	0	0	0	0	0	0	1	0.0357142857143	0.00922367409685	0.	0.	0.	1	0	0	1	0	0	0	0.037037037037	0	0
compile.c:1615	1	0	0	0	0	0	0	1	0.0357142857143	0.00999231360492	0.	0.	0.	1	0	0	1	0	0	0	0.037037037037	0	0
compile.c:1626	1	0	0	0	0	0	0	1	0.0357142857143	0.00999231360492	0.	0.	0.	1	0	0	1	0	0	0	0.037037037037	0	0
compile.c:259	0	0	1	0	1	0	0	1	0.0357142857143	0.0053804765565	0.111111111111	0.	0.	0	1	0	0	0	0	0	0.111111111111	1	0
compile.c:273	0	0	1	0	1	0	0	0	0.0357142857143	0.00614911606457	0.111111111111	0.	0.	0	1	0	0	0	0	0	0.111111111111	1	0
compile.c:305	0	0	0	1	0	0	0	1	0.142857142857	0.0745580322829	0.	0.	1.	1	0	0	1	0	0	0	0.185185185185	0	0
compile.c:349	0	1	0	1	0	0	0	0	0.0714285714286	0.00691775557264	0.	0.	0.	1	1	0	0	0	0	0	0.037037037037	1	0
compile.c:380	1	0	0	0	0	0	0	1	0.0714285714286	0.0361260568793	0.	0.	0.	1	0	0	1	0	0	0	0.0740740740741	0	0
compile.c:395	1	0	0	0	0	0	0	1	0.0714285714286	0.0361260568793	0.	0.	1.	0	0	1	0	0	0	0	0.111111111111	1	1
compile.c:455	0	1	0	1	0	0	0	0	0.357142857143	0.0238278247502	0.	0.	0.	1	1	0	0	0	0	0	0.0740740740741	1	0
compile.c:464	0	1	0	1	0	0	0	0	0.107142857143	0.00999231360492	0.	0.	0.	0	1	0	0	0	0	0	0.111111111111	1	0
compile.c:503	0	1	0	1	0	0	0	0	0.178571428571	0.0392006149116	0.	0.	0.	1	1	0	0	0	0	0	0.0740740740741	1	0
compile.c:549	0	1	0	1	0	0	0	0	0.25	0.154496541122	0.	0.	0.	0	1	0	0	0	0	0	0.0740740740741	1	0
compile.c:638	0	1	1	1	1	0	0	0	0.214285714286	0.0146041506533	0.111111111111	0.	0.	1	1	0	0	0	0	0	0.111111111111	1	0
compile.c:733	0	0	0	0	0	0	0	1	0.0357142857143	0.0699461952344	0.111111111111	0.	1.	1	0	0	0	0	0	0	0.0740740740741	0	0
compile.c:843	0	1	0	1	0	0	0	0	0.107142857143	0.0122982321291	0.	0.	0.	1	1	0	0	0	0	0	0.037037037037	1	0
compile.c:896	0	1	0	1	0	0	0	0	0.0357142857143	0.00845503458878	0.	0.	0.	0	1	0	0	0	0	0	0.037037037037	1	0
compile.c:991	0	1	0	0	0	0	0	0	0.0357142857143	1.	1.	0.6	1.	0	1	0	0	0	0	0	0.037037037037	1	0
compile.c:995	0	0	1	0	1	0	0	0	0.0357142857143	0.00768639508071	0.111111111111	0.	0.	0	1	0	0	0	0	0	0.111111111111	1	0
execute.c:1010	1	0	0	0	0	0	0	0	0.0357142857143	0.00999231360492	0.	0.	0.	1	0	0	0	0	0	0	0.037037037037	0	0
execute.c:1104	1	1	0	1	0	0	0	1	1.	0.0637970791699	0.	0.	1.	1	1	1	1	0	0	0	0.259259259259	1	0
execute.c:1178	1	0	0	0	0	0	0	0	0.0357142857143	0.0138355111453	0.	0.	0.	1	0	0	0	0	0	0	0.037037037037	0	0
execute.c:1357	0	0	0	0	0	0	0	0	0.0357142857143	0.0845503458878	0.111111111111	0.2	0.	0	0	1	0	0	0	0	0.0740740740741	0	0
execute.c:1371	1	0	1	0	0	0	0	1	0.0714285714286	0.0415065334358	0.111111111111	0.2	0.	0	1	0	0	0	0	0	0.148148148148	1	0
execute.c:1423	0	0	0	0	0	0	0	1	0.0357142857143	0.00384319754035	0.111111111111	0.	1.	1	0	0	0	0	0	0	0.0740740740741	0	0
execute.c:1522	1	1	0	0	0	0	0	0	0.0714285714286	0.00768639508071	0.	0.	0.	1	0	0	1	0	0	0	0.0740740740741	0	0
execute.c:266	0	0	0	0	0	0	0	0	0.0357142857143	0.00999231360492	0.111111111111	0.	1.	0	0	0	0	0	0	0	0.0740740740741	0	0
execute.c:269	0	0	0	0	0	0	0	0	0.0357142857143	0.00999231360492	0.111111111111	0.	1.	0	0	0	0	0	0	0	0.0740740740741	0	0
execute.c:422	1	0	0	0	0	0	0	1	0.0357142857143	0.00999231360492	0.	0.	0.	1	0	0	0	0	0	0	0.037037037037	0	0
execute.c:439	1	0	0	0	0	0	0	1	0.0357142857143	0.0222905457341	0.	0.	0.	1	0	0	0	0	0	0	0.037037037037	0	0
execute.c:456	0	1	0	0	0	0	0	0	0.0357142857143	0.0053804765565	0.	0.	0.	1	0	0	0	0	0	0	0.037037037037	0	0
execute.c:476	1	0	0	0	0	0	0	0	0.0357142857143	0.00614911606457	0.	0.	0.	0	0	0	0	0	0	0	0.037037037037	0	0
execute.c:484	1	0	0	0	0	0	0	0	0.0357142857143	0.00999231360492	0.	0.	0.	0	0	0	0	0	0	0	0.037037037037	0	1
execute.c:603	1	0	0	0	0	0	0	1	0.0357142857143	0.0053804765565	0.	0.	1.	0	0	0	0	0	0	0	0.037037037037	0	0
execute.c:623	1	0	1	0	0	0	0	0	0.0714285714286	0.0153727901614	0.	0.	0.	1	1	1	1	0	0	0	0.185185185185	0	0
execute.c:652	1	1	1	0	0	0	0	1	0.0714285714286	0.0122982321291	0.	0.	0.	1	1	1	0	0	0	0	0.185185185185	1	0
execute.c:794	1	0	0	0	0	0	0	1	0.0357142857143	0.0699461952344	0.111111111111	0.	2.	0	0	0	0	0	0	0	0.037037037037	0	0
execute.c:849	1	0	0	0	0	0	0	1	0.0357142857143	0.0238278247502	0.222222222222	0.	0.	0	0	0	0	0	0	0	0.037037037037	0	0
execute.c:928	1	0	0	1	0	0	0	0	0.142857142857	0.0345887778632	0.222222222222	0.2	0.	1	0	1	1	0	0	0	0.148148148148	0	0
fmt.c:221	1	0	0	0	0	0	0	0	0.0357142857143	0.00691775557264	0.	0.	0.	1	0	0	1	0	0	0	0.037037037037	0	0
fmt.c:245	0	1	0	1	0	0	0	0	0.0714285714286	0.0153727901614	0.	0.	1.	1	1	0	0	0	0	0	0.037037037037	1	0
fmt.c:266	1	0	0	1	0	0	0	0	0.0714285714286	0.00691775557264	0.	0.	0.	1	0	1	1	0	0	0	0.111111111111	0	0
fmt.c:281	0	1	0	1	0	0	0	0	0.0714285714286	0.010760953113	0.	0.	1.	1	1	0	0	0	0	0	0.037037037037	1	0
fmt.c:315	0	1	0	1	1	0	0	0	0.0714285714286	0.0507302075327	0.111111111111	0.	2.	0	1	0	0	0	0	0	0.037037037037	1	0
fmt.c:321	0	1	1	0	1	0	0	0	0.0714285714286	0.010760953113	0.111111111111	0.	1.	1	1	0	0	0	0	0	0.111111111111	1	0
fmt.c:361	0	1	0	1	0	0	0	1	0.0357142857143	0.0115295926211	0.	0.2	1.	0	1	0	0	0	0	0	0.037037037037	1	0
fmt.c:384	1	0	0	1	0	0	0	0	0.0714285714286	0.00691775557264	0.	0.	0.	1	0	0	0	0	0	0	0.111111111111	0	0
fmt.c:410	0	0	0	0	0	0	0	1	0.0357142857143	0.00999231360492	0.	0.	0.	0	0	1	0	0	0	0	0.0740740740741	0	0
fmt.c:446	0	0	0	0	0	0	0	1	0.0357142857143	0.0292083013067	0.111111111111	0.	1.	0	0	1	0	0	0	0	0.0740740740741	0	0
fmt.c:455	0	0	0	0	0	0	0	1	0.0357142857143	0.0161414296695	0.111111111111	0.	1.	0	0	1	0	0	0	0	0.0740740740741	0	0
fmt.c:542	0	0	0	0	0	0	0	1	0.0357142857143	0.00461183704842	0.	0.	0.	0	0	1	0	0	0	0	0.0740740740741	0	0
fmt.c:557	0	0	0	0	0	0	0	0	0.0357142857143	0.00614911606457	0.	0.	1.	0	0	1	0	0	0	0	0.0740740740741	0	0
fmt.c:576	1	0	0	0	0	0	0	0	0.0357142857143	0.00614911606457	0.	0.	1.	0	0	0	0	0	0	0	0.037037037037	0	0
fmt.c:587	1	0	0	0	0	0	0	0	0.0357142857143	0.0053804765565	0.	0.	0.	0	0	0	0	0	0	0	0.037037037037	0	0
regcomp.c:1171	1	0	0	1	0	0	1	1	0.428571428571	0.0730207532667	0.444444444444	0.	0.	0	0	0	0	0	0	0	0.592592592593	0	0
regcomp.c:1282	1	0	0	1	0	1	0	1	0.107142857143	0.00845503458878	0.222222222222	0.	0.	1	0	0	1	0	0	0	0.296296296296	0	0
regcomp.c:1327	0	0	0	0	0	0	0	1	0.0357142857143	0.00999231360492	0.222222222222	0.4	0.	1	0	0	0	0	0	0	0.111111111111	0	0
regcomp.c:1329	0	0	0	0	1	0	0	1	0.0357142857143	0.0053804765565	0.222222222222	0.2	0.	0	0	0	0	0	0	0	0.222222222222	0	0
regcomp.c:1349	1	0	0	1	0	0	0	1	0.0714285714286	0.0184473481937	0.111111111111	0.2	0.	1	0	0	1	0	0	0	0.0740740740741	0	0
regcomp.c:1417	1	0	0	0	0	0	0	1	0.0714285714286	0.021521906226	0.333333333333	0.2	0.	0	0	0	0	0	0	0	0.259259259259	0	0
regcomp.c:1847	1	1	0	0	0	0	0	0	0.107142857143	0.0445810914681	0.	0.	0.	1	0	0	1	0	0	0	0.148148148148	0	0
regcomp.c:1898	1	1	0	1	0	0	0	0	0.178571428571	0.0315142198309	0.	0.	0.	1	0	0	1	0	0	0	0.148148148148	0	0
regcomp.c:1954	1	1	1	1	0	0	0	0	0.142857142857	0.0253651037663	0.111111111111	0.	0.	1	1	0	0	0	0	0	0.259259259259	1	0
regcomp.c:2125	1	1	0	1	0	0	0	0	0.0714285714286	0.0230591852421	0.	0.	0.	1	0	0	1	0	0	0	0.111111111111	0	0
regcomp.c:2271	1	0	0	0	0	0	0	0	0.0714285714286	0.0192159877018	0.	0.2	0.	1	0	0	0	0	0	0	0.111111111111	0	0
regcomp.c:2322	1	0	0	0	0	0	0	0	0.0714285714286	0.0169100691776	0.	0.2	0.	1	0	0	0	0	0	0	0.148148148148	0	0
regcomp.c:2458	0	1	0	0	0	0	0	1	0.0357142857143	0.0122982321291	0.222222222222	0.2	0.	1	0	0	0	0	0	0	0.037037037037	0	0
regcomp.c:2860	0	1	0	0	0	0	0	1	0.0357142857143	0.00768639508071	0.111111111111	0.2	0.	1	0	0	0	0	0	0	0.037037037037	0	0
regcomp.c:2870	1	1	0	0	0	0	0	0	0.392857142857	0.0891621829362	0.222222222222	0.	0.	1	0	0	1	0	0	0	0.444444444444	0	0
regcomp.c:3101	0	1	1	1	0	0	0	1	0.107142857143	0.0161414296695	0.333333333333	0.2	0.	1	1	0	0	0	0	0	0.407407407407	1	0
regcomp.c:316	0	1	0	1	0	0	0	1	0.107142857143	0.142966948501	0.444444444444	1.	0.	1	0	0	0	0	0	0	0.111111111111	0	0
regcomp.c:326	0	0	0	0	0	0	0	1	0.0357142857143	0.0122982321291	0.222222222222	0.6	0.	1	0	0	0	0	0	0	0.037037037037	0	0
regcomp.c:327	0	0	0	0	0	0	0	0	0.0357142857143	0.00768639508071	0.222222222222	0.4	0.	1	0	0	0	0	0	0	0.037037037037	0	0
regcomp.c:3279	0	1	0	0	0	0	0	1	0.0357142857143	0.0122982321291	0.333333333333	0.2	0.	1	0	0	0	0	0	0	0.037037037037	0	0
regcomp.c:3281	0	1	0	0	0	0	0	1	0.0357142857143	0.0122982321291	0.333333333333	0.2	0.	1	0	0	0	0	0	0	0.037037037037	0	0
regcomp.c:3283	0	1	0	0	0	0	0	1	0.0357142857143	0.0122982321291	0.333333333333	0.2	0.	1	0	0	0	0	0	0	0.037037037037	0	0
regcomp.c:3285	0	1	0	0	0	0	0	1	0.0357142857143	0.0122982321291	0.333333333333	0.2	0.	1	0	0	0	0	0	0	0.037037037037	0	0
regcomp.c:3287	0	1	0	0	0	0	0	1	0.0357142857143	0.0122982321291	0.333333333333	0.2	0.	1	0	0	0	0	0	0	0.037037037037	0	0
regcomp.c:3289	0	1	0	0	0	0	0	1	0.0357142857143	0.0122982321291	0.333333333333	0.2	0.	1	0	0	0	0	0	0	0.037037037037	0	0
regcomp.c:3291	0	1	0	0	0	0	0	1	0.0357142857143	0.0122982321291	0.333333333333	0.2	0.	1	0	0	0	0	0	0	0.037037037037	0	0
regcomp.c:3293	0	1	0	0	0	0	0	1	0.0357142857143	0.0122982321291	0.333333333333	0.2	0.	1	0	0	0	0	0	0	0.037037037037	0	0
regcomp.c:3295	0	1	0	0	0	0	0	1	0.0357142857143	0.0122982321291	0.222222222222	0.2	0.	1	0	0	0	0	0	0	0.037037037037	0	0
regcomp.c:3297	0	1	0	0	0	0	0	1	0.0357142857143	0.0122982321291	0.333333333333	0.2	0.	1	0	0	0	0	0	0	0.037037037037	0	0
regcomp.c:3299	0	1	0	0	0	0	0	1	0.0357142857143	0.0122982321291	0.333333333333	0.2	0.	1	0	0	0	0	0	0	0.037037037037	0	0
regcomp.c:3301	0	1	0	0	0	0	0	1	0.0357142857143	0.0122982321291	0.333333333333	0.2	0.	1	0	0	0	0	0	0	0.037037037037	0	0
regcomp.c:3354	0	1	0	0	0	0	0	1	0.0357142857143	0.00768639508071	0.111111111111	0.2	0.	1	0	0	0	0	0	0	0.037037037037	0	0
regcomp.c:3379	1	0	1	0	0	0	0	0	0.0357142857143	0.00384319754035	0.111111111111	0.	1.	0	0	0	0	0	0	0	0.185185185185	1	1
regcomp.c:3449	1	1	0	1	0	0	0	0	0.107142857143	0.0299769408148	0.	0.	0.	1	1	0	1	0	0	0	0.148148148148	1	0
regcomp.c:358	0	1	0	0	0	0	0	0	0.0357142857143	0.00845503458878	0.	0.2	0.	1	0	0	0	0	0	0	0.037037037037	0	0
regcomp.c:363	0	0	0	0	1	0	0	1	0.0357142857143	0.0814757878555	0.111111111111	0.2	0.	1	0	0	0	0	0	0	0.0740740740741	0	0
regcomp.c:533	0	0	0	0	0	0	0	0	0.0357142857143	0.0161414296695	0.	0.2	0.	1	0	0	0	0	0	0	0.111111111111	0	0
regcomp.c:545	0	0	0	0	0	1	0	1	0.0357142857143	0.0146041506533	0.333333333333	0.2	0.	1	0	0	0	0	0	0	0.111111111111	0	0
regcomp.c:559	0	0	0	0	0	0	0	0	0.0357142857143	0.0130668716372	0.111111111111	0.4	0.	0	0	0	0	0	0	0	0.111111111111	0	0
regcomp.c:562	0	0	0	0	1	0	0	1	0.0357142857143	0.0053804765565	0.111111111111	0.2	0.	1	0	0	0	0	0	0	0.111111111111	0	0
regcomp.c:777	0	0	0	1	0	0	0	0	0.0714285714286	0.00461183704842	0.	0.	0.	1	0	0	0	0	0	0	0.0740740740741	0	0
regcomp.c:813	0	0	0	0	0	0	0	1	0.0357142857143	0.0161414296695	0.222222222222	0.6	0.	1	0	0	0	0	0	0	0.037037037037	0	1
regcomp.c:814	0	0	0	0	0	0	0	0	0.0357142857143	0.0115295926211	0.222222222222	0.4	0.	1	0	0	0	0	0	0	0.037037037037	0	0
regcomp.c:856	0	0	0	0	0	0	0	1	0.0357142857143	0.0292083013067	0.444444444444	0.4	0.	0	0	0	0	0	0	0	0.0740740740741	0	0
regcomp.c:864	0	0	0	1	1	0	0	1	0.0714285714286	0.00768639508071	0.222222222222	0.2	0.	0	0	0	0	0	0	0	0.296296296296	0	0
regcomp.c:933	0	0	0	0	1	0	0	1	0.0357142857143	0.227517294389	0.111111111111	0.2	0.	1	0	0	0	0	0	0	0.111111111111	0	0
regex_internal.c:1011	1	0	0	0	1	0	0	1	0.0714285714286	0.00922367409685	0.111111111111	0.2	0.	1	0	0	1	0	0	0	0.111111111111	0	0
regex_internal.c:1060	0	0	0	1	1	0	0	1	0.0714285714286	0.0115295926211	0.111111111111	0.2	0.	1	0	0	0	0	0	0	0.222222222222	0	0
regex_internal.c:1148	0	0	0	0	1	0	0	1	0.0357142857143	0.0315142198309	0.111111111111	0.2	0.	0	0	0	0	0	0	0	0.222222222222	0	1
regex_internal.c:1196	1	0	0	0	1	0	0	1	0.0714285714286	0.0722521137586	0.111111111111	0.4	0.	1	0	0	0	0	0	0	0.333333333333	0	1
regex_internal.c:202	1	0	0	0	0	0	0	1	0.0714285714286	0.0384319754035	0.444444444444	0.2	0.	1	0	0	0	0	0	0	0.111111111111	0	0
regex_internal.c:232	0	0	0	0	0	0	0	0	0.0357142857143	0.00461183704842	0.111111111111	0.2	0.	0	0	0	0	0	0	0	0.0740740740741	0	0
regex_internal.c:250	1	0	0	0	0	0	0	1	0.0714285714286	0.0837817063797	1.	0.2	0.	1	0	0	0	0	0	0	0.111111111111	0	0
regex_internal.c:287	0	0	0	0	0	0	0	0	0.0357142857143	0.00461183704842	0.111111111111	0.2	0.	0	0	0	0	0	0	0	0.0740740740741	0	0
regex_internal.c:308	0	0	0	0	0	0	0	0	0.0357142857143	0.0230591852421	0.	0.	0.	0	0	0	0	0	0	0	0.0740740740741	0	0
regex_internal.c:340	0	0	0	0	0	0	0	1	0.0357142857143	0.0199846272098	0.666666666667	0.2	0.	0	0	0	0	0	0	0	0.0740740740741	0	0
regex_internal.c:365	0	0	0	0	0	0	0	1	0.0357142857143	0.00461183704842	0.333333333333	0.2	0.	0	0	0	0	0	0	0	0.0740740740741	0	0
regex_internal.c:437	0	0	0	0	1	0	0	1	0.0357142857143	0.00384319754035	0.111111111111	0.2	0.	0	0	0	0	0	0	0	0.111111111111	0	0
regex_internal.c:526	0	1	1	0	1	0	0	1	0.0714285714286	0.00461183704842	0.111111111111	0.	0.	1	1	0	0	0	0	0	0.148148148148	1	0
regex_internal.c:659	0	0	0	1	0	0	0	1	0.0714285714286	0.0299769408148	0.333333333333	0.6	0.	1	0	1	0	0	0	0	0.222222222222	0	0
regex_internal.c:668	0	0	1	1	1	0	0	0	0.0714285714286	0.00461183704842	0.222222222222	0.2	0.	0	0	0	0	0	0	0	0.555555555556	0	0
regex_internal.c:711	0	0	0	1	0	0	0	1	0.0714285714286	0.0176787086856	0.333333333333	0.6	0.	0	0	0	0	0	0	0	0.222222222222	0	0
regex_internal.c:759	0	0	0	1	0	0	0	1	0.107142857143	0.033051498847	0.222222222222	0.4	0.	0	0	0	0	0	0	0	0.555555555556	0	1
regex_internal.c:764	0	0	0	0	0	0	0	0	0.0357142857143	0.00691775557264	0.111111111111	0.	0.	0	0	0	0	0	0	0	0.0740740740741	0	0
regex_internal.c:785	0	0	1	1	1	0	0	0	0.0714285714286	0.00461183704842	0.222222222222	0.2	0.	0	0	0	0	0	0	0	1.	0	0
regex_internal.c:830	0	0	0	0	0	0	0	0	0.0357142857143	0.00691775557264	0.111111111111	0.	0.	0	0	0	0	0	0	0	0.0740740740741	0	0
regex_internal.c:880	0	0	1	1	0	1	0	1	0.0714285714286	0.00461183704842	0.222222222222	0.2	0.	0	0	0	0	0	0	0	0.925925925926	0	1
regex_internal.c:900	0	0	0	0	0	0	0	0	0.0357142857143	0.00691775557264	0.111111111111	0.	0.	0	0	0	0	0	0	0	0.0740740740741	0	0
regex_internal.c:979	0	0	0	0	1	0	0	1	0.0357142857143	0.00384319754035	0.111111111111	0.2	0.	0	0	0	0	0	0	0	0.444444444444	0	1
regex_internal.h:671	0	0	0	0	1	0	0	1	0.0357142857143	0.00384319754035	0.111111111111	0.2	0.	1	0	0	0	0	0	0	0.037037037037	0	1
regex_internal.h:681	0	0	0	0	0	1	0	1	0.0357142857143	0.00384319754035	0.222222222222	0.2	0.	1	0	0	0	0	0	0	0.037037037037	0	0
regex_internal.h:705	0	1	1	1	0	0	0	1	0.0714285714286	0.00461183704842	0.111111111111	0.2	0.	0	1	0	0	0	0	0	0.296296296296	1	0
regexec.c:1007	1	0	0	1	0	1	0	0	0.25	0.0776325903151	0.222222222222	0.2	0.	1	0	0	1	0	0	0	0.407407407407	0	0
regexec.c:1040	1	0	1	1	1	0	0	0	0.0714285714286	0.00461183704842	0.111111111111	0.2	0.	0	0	0	0	0	0	0	0.296296296296	0	0
regexec.c:1105	1	0	0	0	1	0	1	1	0.0714285714286	0.00614911606457	0.111111111111	0.2	0.	1	0	0	1	0	0	0	0.148148148148	0	0
regexec.c:1136	0	0	0	0	0	0	0	1	0.0357142857143	0.0161414296695	0.333333333333	0.4	0.	1	0	0	1	0	0	0	0.111111111111	0	0
regexec.c:1285	1	1	0	1	0	0	0	0	0.178571428571	0.0338201383551	0.111111111111	0.2	0.	1	0	0	1	0	1	0	0.259259259259	0	0
regexec.c:1293	0	1	0	1	1	0	0	1	0.0714285714286	0.00691775557264	0.111111111111	0.2	0.	1	0	0	0	0	1	0	0.148148148148	0	1
regexec.c:1340	0	0	0	0	1	0	0	1	0.0357142857143	0.00614911606457	0.111111111111	0.2	0.	0	0	0	0	0	0	0	0.111111111111	0	1
regexec.c:1427	1	0	0	0	0	0	0	0	0.142857142857	0.0768639508071	0.555555555556	0.4	0.	0	0	0	0	0	0	0	0.222222222222	0	0
regexec.c:1450	1	0	0	0	0	0	0	1	0.0714285714286	0.0568793235972	0.444444444444	0.2	0.	0	0	1	0	0	0	0	0.185185185185	0	0
regexec.c:1545	1	0	0	0	0	1	0	1	0.107142857143	0.0192159877018	0.222222222222	0.2	0.	1	0	0	0	0	0	0	0.148148148148	0	0
regexec.c:1625	1	0	0	0	1	0	0	1	0.0714285714286	0.00768639508071	0.111111111111	0.2	0.	1	0	0	0	0	0	0	0.111111111111	0	0
regexec.c:1652	1	0	0	0	0	0	0	1	0.0714285714286	0.0514988470407	0.444444444444	0.2	0.	1	0	0	0	0	0	0	0.111111111111	0	0
regexec.c:1678	0	0	0	0	1	0	0	1	0.0357142857143	0.0115295926211	0.111111111111	0.2	0.	1	0	0	0	0	0	0	0.0740740740741	0	0
regexec.c:1700	0	0	0	0	0	0	0	1	0.0714285714286	0.00922367409685	0.222222222222	0.2	0.	0	0	0	1	0	0	0	0.222222222222	0	1
regexec.c:1750	1	0	0	1	0	0	0	1	0.214285714286	0.04381245196	0.444444444444	0.4	0.	0	0	0	1	0	0	0	0.444444444444	0	0
regexec.c:1758	1	0	0	1	0	0	0	0	0.178571428571	0.0192159877018	0.222222222222	0.2	0.	0	0	0	1	0	0	0	0.481481481481	0	0
regexec.c:1850	0	0	0	0	0	0	0	1	0.0357142857143	0.0153727901614	0.222222222222	0.2	0.	0	0	0	0	0	0	0	0.111111111111	0	1
regexec.c:1872	1	0	0	0	1	0	0	1	0.0714285714286	0.0169100691776	0.111111111111	0.2	0.	1	0	0	0	0	0	0	0.148148148148	0	1
regexec.c:1890	1	0	0	0	0	0	0	1	0.0714285714286	0.0238278247502	0.222222222222	0.2	0.	1	0	0	0	0	0	0	0.148148148148	0	1
regexec.c:1946	1	0	0	0	0	0	0	1	0.214285714286	0.0737893927748	0.666666666667	0.4	0.	0	0	0	0	0	0	0	0.407407407407	0	0
regexec.c:1970	0	0	0	0	0	0	0	0	0.0714285714286	0.00922367409685	0.	0.2	0.	0	0	0	0	0	0	0	0.259259259259	0	0
regexec.c:2016	0	0	0	0	0	0	0	0	0.0714285714286	0.00845503458878	0.	0.2	0.	0	0	0	0	0	0	0	0.259259259259	0	0
regexec.c:2230	1	0	0	0	0	0	0	1	0.0714285714286	0.0153727901614	0.222222222222	0.2	0.	1	0	0	0	0	0	0	0.148148148148	0	0
regexec.c:2324	1	0	0	0	0	0	0	1	0.142857142857	0.0745580322829	0.444444444444	0.2	0.	1	0	0	0	0	0	0	0.222222222222	0	0
regexec.c:2429	1	0	0	0	0	0	0	0	0.214285714286	0.0676402767102	0.444444444444	0.2	0.	0	0	0	0	0	0	0	0.296296296296	0	0
regexec.c:2513	0	0	0	1	0	0	0	0	0.107142857143	0.00691775557264	0.	0.2	0.	0	0	0	0	0	0	0	0.37037037037	0	0
regexec.c:2539	1	0	0	0	1	0	0	1	0.107142857143	0.0192159877018	0.111111111111	0.2	0.	1	0	0	0	0	0	0	0.185185185185	0	0
regexec.c:2563	1	0	0	0	1	0	0	1	0.178571428571	0.0376633358955	0.111111111111	0.2	1.	1	0	0	0	0	0	0	0.259259259259	0	0
regexec.c:2652	0	0	0	1	1	0	0	1	0.0714285714286	0.0153727901614	0.111111111111	0.2	0.	0	0	0	0	0	0	0	0.185185185185	0	0
regexec.c:2756	1	0	0	1	0	0	0	1	0.25	0.0499615680246	0.111111111111	0.4	0.	1	0	0	0	0	0	0	0.37037037037	0	0
regexec.c:2845	1	0	0	0	0	0	0	1	0.214285714286	0.0768639508071	0.444444444444	0.2	0.	1	0	0	0	0	0	0	0.296296296296	0	0
regexec.c:2940	1	0	0	0	1	0	0	1	0.107142857143	0.0176787086856	0.111111111111	0.2	0.	1	0	0	0	0	0	0	0.222222222222	0	1
regexec.c:2983	1	0	0	1	0	0	0	1	0.178571428571	0.0307455803228	0.333333333333	0.	0.	0	0	0	0	0	0	0	0.222222222222	0	0
regexec.c:3037	1	0	0	0	0	0	0	0	0.214285714286	0.0776325903151	0.444444444444	0.2	0.	1	0	0	0	0	0	0	0.407407407407	0	0
regexec.c:3193	0	0	0	0	1	0	0	1	0.0357142857143	0.00461183704842	0.111111111111	0.2	0.	0	0	0	0	0	0	0	0.0740740740741	0	1
regexec.c:3207	1	0	0	0	0	0	0	1	0.214285714286	0.0791698693313	1.	0.4	0.	1	0	0	0	0	0	0	0.259259259259	0	1
regexec.c:3212	1	0	0	0	0	0	0	1	0.0714285714286	0.010760953113	0.333333333333	0.2	0.	1	0	0	0	1	0	0	0.185185185185	0	1
regexec.c:3227	0	1	0	1	0	0	1	1	0.0714285714286	0.00461183704842	0.222222222222	0.2	0.	0	0	0	0	0	0	0	0.222222222222	0	0
regexec.c:3268	0	0	0	0	0	0	0	1	0.0357142857143	0.0338201383551	0.777777777778	0.8	0.	1	0	0	0	0	0	0	0.037037037037	0	0
regexec.c:3269	0	0	0	0	0	0	0	0	0.0357142857143	0.0292083013067	0.777777777778	0.6	0.	1	0	0	0	0	0	0	0.037037037037	0	0
regexec.c:3275	0	0	0	1	0	0	1	1	0.0714285714286	0.00461183704842	0.222222222222	0.2	0.	0	0	0	1	1	0	0	0.259259259259	0	1
regexec.c:3287	0	0	0	1	0	0	1	1	0.0714285714286	0.00461183704842	0.222222222222	0.2	0.	0	0	0	1	1	0	0	0.259259259259	0	1
regexec.c:3302	0	0	0	1	0	0	1	1	0.0714285714286	0.00461183704842	0.222222222222	0.2	0.	0	0	0	1	1	0	0	0.185185185185	0	1
regexec.c:3317	0	0	0	0	1	0	0	1	0.0357142857143	0.00461183704842	0.111111111111	0.2	0.	0	0	0	0	0	0	0	0.0740740740741	0	1
regexec.c:3348	1	0	0	0	0	0	0	1	0.142857142857	0.407378939277	0.777777777778	0.8	0.	1	0	0	0	0	0	0	0.222222222222	0	0
regexec.c:3391	0	0	0	0	0	1	0	1	0.0357142857143	0.00384319754035	0.222222222222	0.2	0.	1	0	0	0	0	0	0	0.037037037037	0	0
regexec.c:3394	0	0	0	0	0	1	0	1	0.0357142857143	0.00384319754035	0.222222222222	0.2	0.	1	0	0	0	0	0	0	0.037037037037	0	0
regexec.c:3400	1	0	0	1	0	0	0	1	0.142857142857	0.0484242890085	0.666666666667	0.6	0.	1	0	0	1	0	0	0	0.185185185185	0	1
regexec.c:3413	0	0	0	0	0	0	0	1	0.0357142857143	0.0053804765565	0.444444444444	0.2	0.	1	0	0	0	0	0	0	0.037037037037	0	0
regexec.c:3421	0	0	0	0	0	0	0	1	0.0357142857143	0.00768639508071	0.444444444444	0.2	0.	1	0	0	0	0	0	0	0.037037037037	0	0
regexec.c:3461	0	0	0	0	1	0	0	1	0.0357142857143	0.00461183704842	0.111111111111	0.2	0.	0	0	0	0	0	0	0	0.0740740740741	0	1
regexec.c:3514	0	0	1	1	1	0	0	1	0.0714285714286	0.00461183704842	0.111111111111	0.2	0.	1	1	0	0	0	0	0	0.111111111111	1	0
regexec.c:3521	1	0	0	0	1	0	0	1	0.0714285714286	0.00691775557264	0.111111111111	0.2	0.	1	0	0	0	0	0	0	0.111111111111	0	0
regexec.c:3628	0	0	0	0	0	0	0	1	0.0714285714286	0.0115295926211	0.333333333333	0.2	0.	1	0	0	0	0	0	0	0.111111111111	0	0
regexec.c:3860	0	0	0	0	0	0	0	1	0.0357142857143	0.0222905457341	0.222222222222	0.4	0.	0	0	0	0	0	0	0	0.111111111111	0	0
regexec.c:3864	0	0	0	0	1	0	0	1	0.0357142857143	0.00691775557264	0.111111111111	0.2	0.	1	0	0	0	0	0	0	0.111111111111	0	0
regexec.c:3925	0	0	0	0	0	0	0	0	0.0357142857143	0.00691775557264	0.111111111111	0.	0.	0	0	0	0	0	0	0	0.0740740740741	0	0
regexec.c:3941	0	0	0	0	1	0	0	1	0.0357142857143	0.00384319754035	0.111111111111	0.2	0.	0	0	0	0	0	0	0	0.111111111111	0	0
regexec.c:499	0	0	0	0	0	1	0	1	0.0357142857143	0.00461183704842	0.333333333333	0.2	0.	0	0	0	0	0	0	0	0.0740740740741	0	1
regexec.c:504	0	0	0	0	0	1	0	0	0.0357142857143	0.0053804765565	0.222222222222	0.2	0.	0	0	1	0	0	0	0	0.111111111111	0	0
regexec.c:649	1	1	1	1	0	0	0	0	0.392857142857	0.144504227517	0.666666666667	0.2	0.	1	1	0	1	0	0	0	0.444444444444	1	1
regexec.c:662	1	0	1	1	0	0	0	0	0.0714285714286	0.00614911606457	0.333333333333	0.2	0.	1	1	0	1	0	0	0	0.296296296296	1	0
regexec.c:668	1	0	1	1	0	0	0	0	0.0714285714286	0.00614911606457	0.222222222222	0.2	0.	1	1	0	1	0	0	0	0.259259259259	1	0
regexec.c:682	1	0	1	0	0	0	0	0	0.0714285714286	0.0130668716372	0.333333333333	0.	0.	0	1	0	1	0	0	0	0.148148148148	1	0
regexec.c:698	1	0	1	1	0	0	0	0	0.142857142857	0.0199846272098	0.222222222222	0.	0.	1	1	0	1	0	0	0	0.222222222222	1	0
regexec.c:788	0	0	0	0	1	0	0	1	0.0357142857143	0.0053804765565	0.111111111111	0.2	0.	1	0	0	0	0	0	0	0.0740740740741	0	1
regexec.c:805	0	0	0	0	1	0	0	1	0.0357142857143	0.00691775557264	0.111111111111	0.2	0.	1	0	0	0	0	0	0	0.0740740740741	0	1
regexec.c:864	1	0	0	1	1	0	0	0	0.0714285714286	0.00461183704842	0.111111111111	0.	0.	1	0	0	1	0	0	0	0.296296296296	0	0
sed.c:201	0	1	0	0	0	0	0	0	0.0357142857143	0.0753266717909	0.111111111111	0.	0.	0	0	0	0	0	0	0	0.037037037037	0	0
utils.c:131	1	0	0	1	0	0	0	1	0.0714285714286	0.00461183704842	0.	0.	0.	1	0	0	0	0	0	0	0.111111111111	0	0
utils.c:202	1	0	0	0	0	0	0	1	0.0357142857143	0.0192159877018	0.	0.	0.	1	0	0	0	0	0	0	0.037037037037	0	1
utils.c:99	1	0	0	1	0	0	0	1	0.0714285714286	0.00461183704842	0.	0.	0.	1	0	0	0	0	0	0	0.111111111111	0	0
sig-bad.c:144	1	1	0	1	0	0	0	1	0.5	0.13698630137	0.	0.	1.	1	1	0	0	0	0	0	0.5	1	1
sig-bad.c:154	1	1	0	1	0	0	0	0	1.	1.	0.	0.	1.	1	1	0	0	0	0	0	0.5	0	1
sig-bad.c:633	1	0	1	0	0	0	0	0	0.166666666667	0.109589041096	0.	0.	2.	0	0	0	0	0	0	0	1.	1	1
sig-bad.c:649	0	0	0	0	0	0	0	0	0.166666666667	0.123287671233	0.	1.	2.	0	0	0	0	0	0	0	1.	0	1
sig-bad.c:706	0	0	0	0	0	0	0	0	0.166666666667	0.123287671233	0.	1.	2.	0	0	0	0	0	0	0	1.	0	1
sig-bad.c:709	0	1	0	0	0	0	0	0	0.166666666667	0.260273972603	0.	1.	1.	1	0	0	0	0	0	0	0.5	0	0
spell.c:172	0	1	0	0	0	0	0	0	0.333333333333	1.	0.	0.	0.	0	0	0	0	0	0	0	0.125	0	0
spell.c:296	0	1	0	0	0	0	0	0	0.333333333333	0.671428571429	1.	1.	0.	1	0	0	0	0	0	0	0.125	0	0
spell.c:305	0	1	1	1	1	0	0	0	0.666666666667	0.114285714286	0.5	1.	0.	0	1	0	1	0	1	0	0.5	0	0
spell.c:334	1	1	0	1	0	0	0	1	0.666666666667	0.7	0.5	1.	0.	0	0	0	1	0	0	0	0.375	0	0
spell.c:377	1	1	1	1	0	0	0	1	1.	0.971428571429	0.5	1.	0.	1	1	1	1	0	0	0	0.625	1	0
spell.c:409	0	1	1	0	1	0	0	1	0.333333333333	0.0857142857143	0.5	1.	0.	0	1	0	0	0	0	0	0.625	1	1
spell.c:436	0	1	0	0	0	0	0	1	0.333333333333	0.528571428571	0.5	0.	0.	1	0	0	0	0	0	0	0.125	0	0
spell.c:543	0	0	1	1	0	0	0	0	0.666666666667	0.114285714286	1.	1.	0.	0	1	0	0	0	0	0	1.	1	1
spell.c:544	0	1	1	1	1	0	0	0	0.666666666667	0.114285714286	0.5	1.	0.	0	1	0	0	0	0	0	0.75	1	0
spell.c:560	1	0	1	1	0	0	0	1	1.	0.4	1.	1.	0.	0	1	0	0	0	1	0	0.75	0	0
str.c:120	0	0	0	0	1	0	0	0	0.333333333333	0.0857142857143	0.5	1.	0.	0	0	0	0	0	0	0	0.375	0	1
str.c:137	1	1	0	0	0	0	0	0	1.	0.2	0.	0.	0.	1	0	0	0	0	0	0	0.25	1	0
str.c:166	1	1	0	1	0	0	0	0	1.	0.157142857143	0.	0.	0.	1	0	0	1	0	0	0	0.25	0	0
str.c:196	1	0	1	0	1	0	0	0	0.333333333333	0.0857142857143	0.5	1.	0.	0	0	0	0	1	0	0	0.375	1	1
str.c:214	0	0	0	0	0	1	0	0	0.333333333333	0.128571428571	1.	1.	0.	0	0	0	0	0	0	0	0.375	0	1
str.c:348	0	1	1	0	0	0	0	0	0.666666666667	0.128571428571	0.	0.	0.	1	0	0	0	0	0	0	0.375	0	0
my-main.c:89	0	1	0	0	0	0	0	0	0.5	0.402777777778	0.	0.	0.	0	0	0	0	0	0	0	0.2	0	0
tTflag-bad.c:128	1	0	1	0	0	0	0	1	0.5	1.	1.	1.	1.	0	1	0	0	0	0	0	0.6	0	0
tTflag-bad.c:133	1	0	1	0	0	0	0	0	1.	0.138888888889	0.25	0.	1.	0	1	0	0	0	0	0	1.	0	0
tTflag-bad.c:144	1	0	1	0	0	0	0	0	1.	0.125	0.25	0.	1.	0	1	0	0	0	0	0	1.	0	0
tTflag-bad.c:154	1	0	1	0	0	0	0	0	1.	0.125	0.25	0.	1.	0	1	0	0	0	0	0	1.	0	0
tTflag-bad.c:166	0	0	0	0	0	0	0	0	0.5	0.125	0.25	1.	0.	0	0	0	0	0	0	0	0.4	0	0
